tree
version=v4
num_class=1
num_tree_per_iteration=1
label_index=0
max_feature_idx=21
objective=quantile
feature_names=n_kg_ha p_kg_ha k_kg_ha ph oc_pct rainfall_mm_per_day rainfall_last30_mm dry_spell_frac temp_mean_c temp_max_c gdd_per_day humidity_mean_pct et0_mm_per_day ndvi_mean ndvi_max ndvi_p90 ndvi_slope_30d ndvi_auc_per_day area_ha crop district season
feature_infos=[240:310] [12:26] [200:310] [6.4000000000000004:7.5999999999999996] [0.47999999999999998:0.62] [1.2282:4.8162000000000003] [8.1999999999999993:143] [0.071199999999999999:0.36709999999999998] [27.359999999999999:29.32] [34.299999999999997:42.700000000000003] [12.3584:19.3247] [58.43:76.099999999999994] [4.3758999999999997:5.7569999999999997] [0.314:0.66800000000000004] [0.50800000000000001:0.96899999999999997] [0.40000000000000002:0.82399999999999995] [-0.012409999999999999:0.011469999999999999] [0.098400000000000001:0.64329999999999998] [0.59999999999999998:1.3999999999999999] -1:0:1:2:4:3 -1:0:1:3:2:4 none
tree_sizes=644 1442 677 681 681 674 676 765 831 1005 1018 936 930 1109 1194 1116 1381 1443 1185 1271 1367 1460 1275 1373 1374 1366 1386 1448 1456 1309 1457 1465 1378 1437 1398 1427 1451 1451 1457 1452 1474 1453 1463 1473 1436 1445 1435 1479 1450 1468 1466 1486 1469 1481 1478 1457 1458 1472 1477 1481

Tree=0
num_leaves=6
num_cat=1
split_feature=19 0 6 9 14
split_gain=23.4029 6.09335 1.94902 0.977046 0.150939
threshold=0 260.00000000000006 50.45000000000001 41.150000000000013 0.81950000000000001
decision_type=1 2 2 2 8
left_child=1 4 3 -3 -1
right_child=-2 2 -4 -5 -6
leaf_value=0.33821235853083126 0.38912473440170287 0.34193826737204408 0.35273250104990583 0.34658729843627328 0.33604265885067908
leaf_weight=29 497 24 25 25 23
leaf_count=29 497 24 25 25 23
internal_value=0.351971 0.32263 0.33542 0.3263 0.299532
internal_weight=623 126 74 49 52
internal_count=623 126 74 49 52
cat_boundaries=0 1
cat_threshold=2
is_linear=0
shrinkage=1


Tree=1
num_leaves=15
num_cat=0
split_feature=0 6 11 15 6 8 5 5 5 7 14 15 13 16
split_gain=1.10561 0.407113 0.463661 0.358736 0.242975 0.270936 0.270994 0.206968 0.183497 0.329915 0.288185 0.167518 0.126142 0.0973622
threshold=260.00000000000006 50.45000000000001 68.13000000000001 0.72150000000000014 20.250000000000004 28.530000000000005 2.9742500000000005 4.5112500000000013 3.9517500000000005 0.19425000000000003 0.84850000000000014 0.64300000000000013 0.57050000000000012 -0.0021999999999999997
decision_type=2 2 2 10 2 2 2 2 2 2 10 10 10 10
left_child=7 2 3 4 -2 6 -6 8 9 10 11 -1 -13 -3
right_child=1 13 -4 -5 5 -7 -8 -9 -10 -11 -12 12 -14 -15
leaf_value=0.0037267532886954614 0.0049207069890134167 0.0046435031859031282 -0.0058888430013777221 0.013776521831885246 -0.0039414914625479506 0.020811407154663092 0.014881065703424902 0.003374145394609205 -0.010570271201535785 -0.0046728743207557419 0.017068323258345331 -0.0058226355676476204 0.00059114262442208968 0.013188248003206287
leaf_weight=20 39 30 29 55 59 40 20 20 58 53 20 55 30 95
leaf_count=20 39 30 29 55 59 40 20 20 58 53 20 55 30 95
internal_value=0.000166667 0.00297826 0.0010535 0.00235514 0.000402516 -0.0014 -0.0041 -0.00385992 -0.00452321 -0.00321788 -0.000952381 -0.00264151 -0.00418605 0.00666667
internal_weight=623 367 242 213 158 119 79 256 236 178 125 105 85 125
internal_count=623 367 242 213 158 119 79 256 236 178 125 105 85 125
is_linear=0
shrinkage=0.08


Tree=2
num_leaves=6
num_cat=1
split_feature=19 0 14 15 18
split_gain=22.6751 4.75757 1.68771 1.51288 0.38534
threshold=0 260.00000000000006 0.75800000000000012 0.63100000000000012 1.0615000000000003
decision_type=1 2 10 8 2
left_child=1 4 3 -3 -1
right_child=-2 2 -4 -5 -6
leaf_value=-0.013893231490270021 0.034503170810317653 -0.0044744481580242228 -0.0025713422637269902 -0.007869586862438209 -0.011548934725491433
leaf_weight=30 497 24 26 24 22
leaf_count=30 497 24 26 24 22
internal_value=3.84618e-05 -0.0288467 -0.0177067 -0.026449 -0.0495094
internal_weight=623 126 74 48 52
internal_count=623 126 74 48 52
cat_boundaries=0 1
cat_threshold=2
is_linear=0
shrinkage=0.08


Tree=3
num_leaves=6
num_cat=1
split_feature=19 9 16 6 13
split_gain=19.2069 4.26964 1.24235 1.17518 0.830188
threshold=0 40.150000000000013 -0.0021749999999999994 48.600000000000001 0.48000000000000004
decision_type=1 2 8 2 10
left_child=1 2 -1 4 -3
right_child=-2 3 -4 -5 -6
leaf_value=-0.013707525948794373 0.031742917145492239 -0.0056203706442550187 -0.012539608815083236 5.3147678090272217e-05 -0.0029152769213375402
leaf_weight=29 497 21 31 23 22
leaf_count=29 497 21 31 23 22
internal_value=0.000679487 -0.025927 -0.0432787 -0.0136119 -0.0212727
internal_weight=623 126 60 66 43
internal_count=623 126 60 66 43
cat_boundaries=0 1
cat_threshold=2
is_linear=0
shrinkage=0.08


Tree=4
num_leaves=6
num_cat=1
split_feature=19 0 8 13 16
split_gain=18.5474 3.66076 1.72934 1.5767 0.479365
threshold=0 260.00000000000006 28.100000000000005 0.47150000000000003 -0.00099499999999999979
decision_type=1 2 2 10 8
left_child=1 4 -3 -4 -1
right_child=-2 2 3 -5 -6
leaf_value=-0.01174849771688713 0.029203483773852856 -0.0079630754073884615 -0.0051707409927146163 0.0031071070957337335 -0.011153800316105873
leaf_weight=31 497 28 21 25 21
leaf_count=31 497 28 21 25 21
internal_value=0.000807693 -0.0253431 -0.0155733 -0.00578723 -0.0434717
internal_weight=623 126 74 46 52
internal_count=623 126 74 46 52
cat_boundaries=0 1
cat_threshold=2
is_linear=0
shrinkage=0.08


Tree=5
num_leaves=6
num_cat=1
split_feature=19 9 18 17 18
split_gain=17.8993 3.53821 1.65091 1.40651 1.29655
threshold=0 40.150000000000013 1.1135000000000004 0.49910000000000004 1.0295000000000003
decision_type=1 2 2 10 2
left_child=1 4 3 -3 -1
right_child=-2 2 -4 -5 -6
leaf_value=-0.011157259263688575 0.026867205071944626 -0.0046016416410892295 0.0012134710552001724 -0.002126336986013271 -0.0076481648662555888
leaf_weight=31 497 23 22 21 29
leaf_count=31 497 23 22 21 29
internal_value=0.000935898 -0.0247591 -0.0136119 -0.0224 -0.0406557
internal_weight=623 126 66 44 60
internal_count=623 126 66 44 60
cat_boundaries=0 1
cat_threshold=2
is_linear=0
shrinkage=0.08


Tree=6
num_leaves=6
num_cat=1
split_feature=19 11 6 14 5
split_gain=14.8299 3.52596 1.16132 0.766665 0.437997
threshold=0 71.385000000000019 49.70000000000001 0.74550000000000016 3.3113500000000005
decision_type=1 2 2 10 2
left_child=1 2 3 -1 -3
right_child=-2 4 -4 -5 -6
leaf_value=-0.0051070027546622418 0.024717828666189056 -0.0035703134031381547 0.00038864000421038485 -0.0057843132700365523 -0.011549084201201125
leaf_weight=28 497 21 25 24 28
leaf_count=28 497 21 25 24 28
internal_value=0.00157692 -0.0218394 -0.0126154 -0.0193208 -0.04016
internal_weight=623 126 77 52 49
internal_count=623 126 77 52 49
cat_boundaries=0 1
cat_threshold=2
is_linear=0
shrinkage=0.08


Tree=7
num_leaves=7
num_cat=1
split_feature=19 11 18 10 13 9
split_gain=12.4363 3.94111 1.80677 1.37112 0.952089 0.0452102
threshold=0 71.385000000000019 1.0415000000000003 16.081950000000003 0.47150000000000003 34.70000000000001
decision_type=1 2 2 2 10 2
left_child=1 3 -3 -1 -5 -2
right_child=5 2 -4 4 -6 -7
leaf_value=-0.0064351182106127938 0.0079470713694995698 -0.0091862750419254308 -0.0070668590494895227 -0.0039803901616373271 0.00063536082397218558 0.024023050120767046
leaf_weight=27 20 27 22 21 29 477
leaf_count=27 20 27 22 21 29 477
internal_value=0.00196154 -0.0195036 -0.03856 -0.00953846 -0.00156863 0.00766929
internal_weight=623 126 49 77 50 497
internal_count=623 126 49 77 50 497
cat_boundaries=0 1
cat_threshold=2
is_linear=0
shrinkage=0.08


Tree=8
num_leaves=8
num_cat=1
split_feature=19 11 6 5 13 9 5
split_gain=9.29852 3.1621 1.02956 0.864156 0.674032 0.0599171 0.121528
threshold=0 74.13000000000001 48.600000000000001 2.3224500000000003 0.54350000000000021 35.250000000000007 3.7700000000000005
decision_type=1 2 2 2 10 2 2
left_child=1 2 3 -1 -5 6 -2
right_child=5 -3 -4 4 -6 -7 -8
leaf_value=-0.0015586799839975337 0.013827347692028457 -0.01308042051512847 0.00027871806945890083 -0.0063959029499308252 -0.0060039989278775118 0.02436034796934667 0.0058201263696976181
leaf_weight=29 35 20 32 20 25 442 20
leaf_count=29 35 20 32 20 25 442 20
internal_value=0.00260256 -0.016 -0.011514 -0.01664 -0.0234783 0.00751181 0.005
internal_weight=623 126 106 74 45 497 55
internal_count=623 126 106 74 45 497 55
cat_boundaries=0 1
cat_threshold=2
is_linear=0
shrinkage=0.08


Tree=9
num_leaves=10
num_cat=1
split_feature=19 11 5 8 5 9 5 16 5
split_gain=8.27522 2.3362 0.955008 0.842645 0.392424 0.0521842 0.121528 0.0119878 0.02327
threshold=0 71.710000000000022 3.3113500000000005 28.285000000000004 2.6539000000000006 35.250000000000007 3.7700000000000005 0.0040750000000000014 2.6539000000000006
decision_type=1 2 2 2 2 2 2 10 2
left_child=1 3 -3 4 -1 6 -2 -7 -9
right_child=5 2 -4 -5 -6 7 -8 8 -10
leaf_value=-0.005558521332915697 0.012721159876666183 -0.0026702705147626858 -0.0089960524748465172 0.000224647129098425 -0.0018831533226649287 0.024022296110733487 0.005354516260121807 0.011017397030936484 0.02753882016821773
leaf_weight=20 35 20 28 37 21 394 20 20 28
leaf_count=20 35 20 28 37 21 394 20 20 28
internal_value=0.00273077 -0.0148321 -0.0297143 -0.00729114 -0.0150476 0.00735433 0.005 0.00780135 0.00620408
internal_weight=623 126 48 78 41 497 55 442 48
internal_count=623 126 48 78 41 497 55 442 48
cat_boundaries=0 1
cat_threshold=2
is_linear=0
shrinkage=0.08


Tree=10
num_leaves=10
num_cat=1
split_feature=19 11 5 16 13 9 5 16 5
split_gain=7.41986 2.21264 1.24065 0.72495 0.18583 0.0521842 0.121528 0.0119878 0.02327
threshold=0 71.710000000000022 3.3728500000000006 -0.0012949999999999997 0.55300000000000016 35.250000000000007 3.7700000000000005 0.0040750000000000014 2.6539000000000006
decision_type=1 2 2 10 10 2 2 10 2
left_child=1 3 -3 4 -1 6 -2 -7 -9
right_child=5 2 -4 -5 -6 7 -8 8 -10
leaf_value=-0.0051577278179087954 0.011703467086532887 -0.0022920013601461908 -0.0090891443756607876 0.00021228524310696738 -0.0019296889352417063 0.022100512421874809 0.0049261549593120589 0.010136005268461564 0.025335714554760309
leaf_weight=20 35 22 26 38 20 394 20 20 28
leaf_count=20 35 22 26 38 20 394 20 20 28
internal_value=0.00298718 -0.0136642 -0.0280816 -0.00627848 -0.0136585 0.00735433 0.005 0.00780135 0.00620408
internal_weight=623 126 48 78 40 497 55 442 48
internal_count=623 126 48 78 40 497 55 442 48
cat_boundaries=0 1
cat_threshold=2
is_linear=0
shrinkage=0.08


Tree=11
num_leaves=9
num_cat=1
split_feature=19 8 18 18 9 14 7 5
split_gain=6.90367 1.98409 1.79741 0.552974 0.0738255 0.118585 0.035992 0.0232288
threshold=0 27.895000000000003 0.83800000000000008 1.1095000000000004 37.350000000000009 0.78800000000000014 0.11765000000000002 3.3728500000000006
decision_type=1 2 2 2 2 8 2 2
left_child=1 -1 -3 -4 5 7 -7 -2
right_child=4 2 3 -5 -6 6 -8 -9
leaf_value=-0.0099875649626553747 0.0059964898066006446 -0.0035094276361708606 -0.0014264358998592613 0.0020067688027233547 0.025288814776246251 0.0060232418528090824 0.014346512576505859 0.0003773767523108562
leaf_weight=32 20 33 31 30 355 20 82 20
leaf_count=32 20 33 31 30 355 20 82 20
internal_value=0.00298718 -0.0130803 -0.00808421 0.000129033 0.00719685 0.00570629 0.00714563 0.00195122
internal_weight=623 126 94 61 497 142 102 40
internal_count=623 126 94 61 497 142 102 40
cat_boundaries=0 1
cat_threshold=2
is_linear=0
shrinkage=0.08


Tree=12
num_leaves=9
num_cat=1
split_feature=19 8 17 6 7 9 7 9
split_gain=5.38807 2.62913 1.0946 0.308528 0.361924 0.0738255 0.0859064 0.129446
threshold=0 27.895000000000003 0.38150000000000006 47.250000000000007 0.16005000000000003 37.350000000000009 0.10535000000000001 36.850000000000001
decision_type=1 2 10 2 2 2 2 2
left_child=1 -1 -3 4 -4 6 -2 -8
right_child=5 2 3 -5 -6 -7 7 -9
leaf_value=-0.0091885597656429455 0.0051691525890677657 -0.0038038309553708378 -0.0034123610356981446 0.0013966000623249278 0.00020442432035082226 0.02326570959414655 0.012022768432113926 0.0032600877402647918
leaf_weight=32 24 27 21 25 21 355 94 24
leaf_count=32 24 27 21 25 21 355 94 24
internal_value=0.0035 -0.0107445 -0.00471579 0.00082353 -0.00334884 0.00719685 0.00570629 0.00658824
internal_weight=623 126 94 67 42 497 142 118
internal_count=623 126 94 67 42 497 142 118
cat_boundaries=0 1
cat_threshold=2
is_linear=0
shrinkage=0.08


Tree=13
num_leaves=11
num_cat=1
split_feature=19 8 17 8 9 14 14 7 5 5
split_gain=3.52402 2.19184 1.11078 0.274517 0.126359 0.297692 0.301384 0.036828 0.00105825 0.0281943
threshold=0 27.895000000000003 0.39570000000000005 28.075000000000003 38.95000000000001 0.78800000000000014 0.73650000000000004 0.11765000000000002 2.0452000000000008 1.8375000000000001
decision_type=1 2 10 2 2 8 10 2 2 2
left_child=1 -1 -3 -4 5 6 -2 -7 9 -6
right_child=4 2 3 -5 8 7 -8 -9 -10 -11
leaf_value=-0.00845347498439151 0.0064559339558131323 -0.0029557627052072678 -0.0031393721528422932 0.00046660181742443004 0.019789693914576557 0.0046343899412363302 -0.00077835161379520991 0.011085545619967786 0.022168492426759487 0.0095002942097794658
leaf_weight=32 28 32 21 41 60 20 20 90 257 22
leaf_count=32 28 32 21 41 60 20 20 90 257 22
internal_value=0.00375641 -0.00782482 -0.00218947 0.00406349 0.00672441 0.00493082 -0.00032653 0.00720721 0.00774118 0.00693976
internal_weight=623 126 94 62 497 158 48 110 339 82
internal_count=623 126 94 62 497 158 48 110 339 82
cat_boundaries=0 1
cat_threshold=2
is_linear=0
shrinkage=0.08


Tree=14
num_leaves=12
num_cat=1
split_feature=19 8 18 17 8 9 14 14 9 5 5
split_gain=2.7067 1.428 0.914853 1.05566 0.675538 0.126359 0.297692 0.301384 0.036828 0.00105825 0.0281943
threshold=0 27.835000000000004 1.1095000000000004 0.39570000000000005 28.085000000000004 38.95000000000001 0.78800000000000014 0.73650000000000004 34.900000000000006 2.0452000000000008 1.8375000000000001
decision_type=1 2 2 10 2 2 8 10 2 2 2
left_child=1 -1 3 -3 -5 6 7 -2 -8 10 -7
right_child=5 2 -4 4 -6 9 8 -9 -10 -11 -12
leaf_value=-0.010115764901671325 0.0059394592393480833 -0.0036473380079749874 0.0017784727999312956 -0.0046482860406910466 0.0003865519050359848 0.018206518401410438 0.004263638745937424 -0.00071608348469159009 0.009456644294424844 0.020395013032618731 0.0087402706729971056
leaf_weight=21 28 24 35 20 26 60 20 20 90 257 22
leaf_count=21 28 24 35 20 26 60 20 20 90 257 22
internal_value=0.00414103 -0.00607299 -0.00264151 -0.00788732 -0.000680851 0.00672441 0.00493082 -0.00032653 0.00720721 0.00774118 0.00693976
internal_weight=623 126 105 70 46 497 158 48 110 339 82
internal_count=623 126 105 70 46 497 158 48 110 339 82
cat_boundaries=0 1
cat_threshold=2
is_linear=0
shrinkage=0.08


Tree=15
num_leaves=11
num_cat=1
split_feature=19 8 18 17 8 8 7 6 16 17
split_gain=2.64248 1.428 0.914853 1.05566 0.675538 0.127987 0.269364 0.0455517 0.142325 0.210042
threshold=0 27.835000000000004 1.1095000000000004 0.39570000000000005 28.085000000000004 27.805000000000003 0.13270000000000001 32.000000000000007 -0.0016349999999999997 0.43185000000000001
decision_type=1 2 2 10 2 2 2 2 10 10
left_child=1 -1 3 -3 -5 6 -2 8 -7 -10
right_child=5 2 -4 4 -6 7 -8 -9 9 -11
leaf_value=-0.0093065037095376203 4.3071959529233927e-06 -0.0033555509673369867 0.00163619497593679 -0.0042764231574357612 0.00035562775263310565 0.0086617623801796377 0.015565463859458666 0.019241417307497961 0.0093686342741409988 5.1265770881866456e-05
leaf_weight=21 32 24 35 20 26 109 40 249 32 35
leaf_count=21 32 24 35 20 26 109 40 249 32 35
internal_value=0.00401282 -0.00607299 -0.00264151 -0.00788732 -0.000680851 0.00656693 0.00350685 0.00723005 0.00614689 0.00317647
internal_weight=623 126 105 70 46 497 72 425 176 67
internal_count=623 126 105 70 46 497 72 425 176 67
cat_boundaries=0 1
cat_threshold=2
is_linear=0
shrinkage=0.08


Tree=16
num_leaves=14
num_cat=1
split_feature=19 15 18 6 9 16 16 12 13 6 7 6 2
split_gain=2.51624 1.04357 0.572667 0.315526 0.144748 0.345486 0.281249 0.193424 0.114247 0.0375341 0.0374669 0.001177 0.0324721
threshold=0 0.75850000000000006 0.81150000000000022 48.600000000000001 39.650000000000013 -0.0020349999999999995 -0.00071499999999999992 4.9705500000000002 0.56600000000000006 13.900000000000002 0.083550000000000013 32.000000000000007 300.00000000000006
decision_type=1 10 2 2 2 10 10 2 8 2 2 2 2
left_child=1 2 -1 8 5 10 -7 -8 -4 -6 -2 12 -11
right_child=4 -3 3 -5 9 6 7 -9 -10 11 -12 -13 -14
leaf_value=-0.0056426754729278451 0.0038796018310338397 -0.0034396043216087637 -0.0011888879679418573 0.0011026499119030321 0.016991382441074204 -0.00095418726859461856 0.014030877177997737 2.5605046268614014e-05 0.0010131096504957062 0.017171270737902006 0.010634618388268046 0.01774152886293754 0.0053169629897929314
leaf_weight=31 20 20 27 25 20 20 28 24 23 58 97 210 20
leaf_count=31 20 20 27 25 20 20 28 24 23 58 97 210 20
internal_value=0.00375641 -0.00607299 -0.00328972 0.000526316 0.00625197 0.00458947 0.000219178 0.00332075 -0.00313725 0.00745631 0.00725424 0.0076955 0.00688608
internal_weight=623 126 106 75 497 189 72 52 50 308 117 288 78
internal_count=623 126 106 75 497 189 72 52 50 308 117 288 78
cat_boundaries=0 1
cat_threshold=2
is_linear=0
shrinkage=0.08


Tree=17
num_leaves=15
num_cat=0
split_feature=8 12 6 18 17 15 8 12 6 6 14 8 18 16
split_gain=0.704176 0.488856 0.298265 0.294193 0.258777 0.404108 0.345551 0.335815 0.249688 0.301861 0.173292 0.0929152 0.0717881 0.0386574
threshold=27.805000000000003 4.6815000000000007 41.95000000000001 1.1205000000000003 0.39960000000000001 0.71850000000000003 28.085000000000004 5.0389000000000008 35.550000000000004 25.000000000000004 0.60050000000000014 27.580000000000002 0.82050000000000012 0.0040750000000000014
decision_type=2 2 2 2 10 8 2 2 2 2 10 2 2 10
left_child=1 11 -3 4 5 10 8 -7 9 -6 -2 -1 -10 -5
right_child=3 2 -4 13 6 7 -8 -9 12 -11 -12 -13 -14 -15
leaf_value=0.0012672971706129139 0.00039495117490720709 -0.0039257035418763502 0.00047380418507731391 0.0057548692795742606 0.0064793623605247123 0.0015979888935025296 0.0029332232384132731 -0.0013070062271222317 0.0045753517469071968 -0.0029195339171900064 0.0033877897009499348 0.010681613645394937 0.011075808975299903 0.0050600111695380881
leaf_weight=20 29 25 25 167 21 25 126 24 27 23 40 20 30 21
leaf_count=20 29 25 25 167 21 25 126 24 27 23 40 20 30 21
internal_value=0.00388462 -0.00263736 -0.00784314 0.00498876 0.00358382 0.000537815 0.00515789 -0.00496 0.00164706 -0.00284444 0.00445714 0.00390244 0.00510345 0.00753439
internal_weight=623 90 50 533 345 118 227 49 101 44 69 40 57 188
internal_count=623 90 50 533 345 118 227 49 101 44 69 40 57 188
is_linear=0
shrinkage=0.08


Tree=18
num_leaves=12
num_cat=2
split_feature=19 18 13 8 18 0 19 14 10 18 13
split_gain=2.96207 1.01449 1.26537 0.701525 0.306439 0.142675 0.274143 0.347809 0.511169 0.400216 0.163577
threshold=0 0.83800000000000008 0.54350000000000021 27.885000000000002 1.1135000000000004 282.50000000000006 1 0.77150000000000019 17.895250000000004 0.9215000000000001 0.5415000000000002
decision_type=1 2 10 2 2 2 1 10 2 2 10
left_child=1 2 -1 -3 -5 6 -2 8 9 -8 -9
right_child=5 3 -4 4 -6 -7 7 10 -10 -11 -12
leaf_value=-0.0051629250713588959 0.026390997206743327 -0.0034225787682279135 -0.0016359710841122484 -0.00027201391731464182 0.0013146921734517403 0.015456544748693435 0.0031049355163694087 0.0030189992765017938 0.010585694590639651 -0.00086395412782191842 0.0074463761997718295
leaf_weight=22 151 20 21 35 28 190 21 34 21 20 60
leaf_count=22 151 20 21 35 28 190 21 34 21 20 60
internal_value=0.0033718 -0.00724088 -0.0176364 -0.00257143 0.001625 0.00609449 0.00511688 0.00220359 -0.00228571 -0.00742857 0.00538947
internal_weight=623 126 43 83 63 497 307 156 62 41 94
internal_count=623 126 43 83 63 497 307 156 62 41 94
cat_boundaries=0 1 2
cat_threshold=2 24
is_linear=0
shrinkage=0.08


Tree=19
num_leaves=13
num_cat=2
split_feature=19 10 6 17 19 16 16 9 14 11 5 5
split_gain=2.04532 1.07882 0.546418 0.354565 0.23279 0.296101 1.47739 0.193906 0.334362 0.0274186 0.0270201 0.0237524
threshold=0 15.898250000000003 47.250000000000007 0.39570000000000005 1 -0.0014099999999999998 -0.0021149999999999993 36.95000000000001 0.78800000000000014 74.38000000000001 3.3113500000000005 2.7616000000000005
decision_type=1 2 2 10 1 10 8 2 8 2 2 2
left_child=1 -1 3 -3 5 6 11 8 -6 -10 -7 -2
right_child=4 2 -4 -5 7 10 -8 -9 9 -11 -12 -13
leaf_value=-0.0061015887916965553 0.0020103857943679642 -0.0021690107230748902 0.00049322704315607317 0.00018449513934668915 -0.00054126312246870689 0.0040987488695143808 -0.0010714556292926161 0.029503688366788655 0.012115320745877105 0.0031700175196296351 0.0072313240422263178 0.0059165440346862696
leaf_weight=33 20 27 28 38 27 37 20 277 46 21 20 29
leaf_count=33 20 27 28 38 27 37 20 277 46 21 20 29
internal_value=0.0033718 -0.00548905 -0.00144681 -0.00545455 0.00562205 0.00210219 -0.00125714 0.00672251 0.00370526 0.00670588 0.00648276 0.00624
internal_weight=623 126 93 65 497 126 69 371 94 67 57 49
internal_count=623 126 93 65 497 126 69 371 94 67 57 49
cat_boundaries=0 1 2
cat_threshold=2 4
is_linear=0
shrinkage=0.08


Tree=20
num_leaves=14
num_cat=1
split_feature=19 8 13 10 18 14 7 14 9 7 10 5 5
split_gain=1.59064 1.09958 0.703484 0.459582 0.460541 0.596557 0.644743 0.661684 0.150296 0.290793 0.356556 0.0307729 0.0192641
threshold=0 27.705000000000002 0.35500000000000004 16.311050000000005 1.1385000000000003 0.81150000000000022 0.14910000000000004 0.76950000000000018 38.250000000000007 0.12740000000000004 17.792200000000005 1.9237000000000002 2.8931500000000003
decision_type=1 2 10 2 2 10 2 10 2 2 2 2 2
left_child=8 -2 -3 4 5 6 7 -4 9 10 -1 -5 -6
right_child=1 2 3 11 12 -7 -8 -9 -10 -11 -12 -13 -14
leaf_value=0.0087266790091138427 -0.0020956343229538311 -0.0020868583225903633 0.0016982751937664165 0.0011543651203882882 0.0024401426688342837 0.003547312066035483 -0.0015421919353765293 -0.0024993984553475946 0.0286167675572137 0.021048803317763924 -0.0018978738080071512 0.0020290607898172316 0.00079882222028486232
leaf_weight=20 20 22 31 20 21 21 24 23 259 64 28 50 20
leaf_count=20 20 22 31 20 21 21 24 23 259 64 28 50 20
internal_value=0.0035 -0.00146008 6.86698e-05 0.00151659 -0.00113475 -0.00408 -0.00729114 -0.00232727 0.00672251 0.00438938 -0.00032653 0.00676056 0.00590476
internal_weight=623 252 232 210 140 99 78 54 371 112 48 70 41
internal_count=623 252 232 210 140 99 78 54 371 112 48 70 41
cat_boundaries=0 1
cat_threshold=25
is_linear=0
shrinkage=0.08


Tree=21
num_leaves=15
num_cat=1
split_feature=19 15 7 6 7 9 16 11 15 16 5 3 5 5
split_gain=1.62507 0.854675 0.354486 0.34319 0.389056 0.188101 0.340121 0.509739 0.14408 0.0976643 0.0929152 0.0420606 0.130337 0.0352747
threshold=0 0.76550000000000018 0.20685000000000001 39.150000000000006 0.13270000000000001 38.95000000000001 -0.0020349999999999995 72.805000000000021 0.43100000000000011 -0.0065049999999999995 3.9517500000000005 6.9000000000000012 2.0974000000000008 3.8570000000000007
decision_type=1 8 2 2 2 2 10 2 10 8 2 2 2 2
left_child=1 2 3 4 -1 6 9 -8 -7 -2 -9 12 -10 -14
right_child=5 -3 -4 -5 -6 8 7 10 11 -11 -12 -13 13 -15
leaf_value=0.00080909179736458057 0.0013610744782344788 -0.0031507833983443392 0.00063331371086482039 -0.0023360544388631387 -0.0023905302630032894 0.00012093705862229214 -0.0010849323775940487 0.022856805480779393 0.0045511561283696671 0.0056980766780612684 0.0034270439876412239 0.013676722983122542 0.019710309913043875 0.027604598950568465
leaf_weight=24 28 24 21 36 21 21 20 20 20 70 20 202 76 20
leaf_count=24 28 24 21 36 21 21 20 20 20 70 20 202 76 20
internal_value=0.00362821 -0.00432117 -0.00139806 -0.00380488 0.000869565 0.00562205 0.00342138 -0.00131148 0.0068 0.00630303 0.00390244 0.00722257 0.00588034 0.00709278
internal_weight=623 126 102 81 45 497 158 60 339 98 40 318 116 96
internal_count=623 126 102 81 45 497 158 60 339 98 40 318 116 96
cat_boundaries=0 1
cat_threshold=2
is_linear=0
shrinkage=0.08


Tree=22
num_leaves=13
num_cat=0
split_feature=10 10 10 18 14 15 13 10 9 14 16 15
split_gain=0.504503 1.05485 1.15979 0.582966 0.575236 0.653523 0.776096 0.496652 0.179424 0.454288 0.147656 0.110567
threshold=17.801900000000003 15.408550000000002 15.725650000000002 1.1205000000000003 0.56500000000000006 0.66750000000000009 0.54350000000000021 16.081950000000003 39.45000000000001 0.7915000000000002 -0.004429999999999999 0.71850000000000003
decision_type=2 2 2 2 10 10 10 2 2 8 8 10
left_child=1 -1 -3 4 -4 -6 -7 -8 9 -2 -5 -9
right_child=8 2 3 10 5 6 7 11 -10 -11 -12 -13
leaf_value=0.28344890876801343 -0.00099204558104438924 -0.0031303825633014104 -0.0028979667571597057 0.00027479690020564478 0.00133046700691873 -0.0012314129871525159 -0.0013156821001342695 0.00057731080035415799 0.018557897624400257 0.0093386726902584833 0.0022162251847555651 0.0063746093892576988
leaf_weight=121 22 20 21 20 44 27 37 21 154 40 63 33
leaf_count=121 22 20 21 20 44 27 37 21 154 40 63 33
internal_value=0.0033718 0.00170588 -0.000947735 0.000479401 -0.00204348 -0.000392638 -0.0034958 8.69568e-05 0.00648848 0.00279365 0.006 0.00494545
internal_weight=623 407 286 266 183 162 118 91 216 62 83 54
internal_count=623 407 286 266 183 162 118 91 216 62 83 54
is_linear=0
shrinkage=0.08


Tree=23
num_leaves=14
num_cat=1
split_feature=19 10 14 10 5 5 9 9 7 17 18 5 6
split_gain=1.55336 1.32964 0.696917 0.584928 0.662207 0.422656 0.353214 0.188435 0.42025 0.559995 0.040388 0.0324721 0.0250919
threshold=0 15.725650000000002 0.53400000000000014 16.287600000000001 2.4397500000000005 3.3728500000000006 39.650000000000013 38.250000000000007 0.12740000000000004 0.42420000000000008 0.66300000000000014 1.8375000000000001 56.100000000000001
decision_type=1 2 10 2 2 2 2 2 2 10 2 2 2
left_child=7 -2 -3 4 -4 12 -7 8 9 -1 -9 -5 -6
right_child=1 2 3 11 5 6 -8 10 -10 -11 -12 -13 -14
leaf_value=0.0048760366522963621 -0.0074386906470371474 -0.0016780913427694351 -0.0017428671890198561 0.00065093660499562431 0.0012582734889235304 -0.0012332968366692309 0.0012175298594388801 0.017051311354547086 0.018354156099420496 -0.0019587142269628568 0.025592647762739756 0.0014164261692062596 0.00050219844985708044
leaf_weight=21 22 22 32 20 32 26 20 21 64 27 238 58 20
leaf_count=21 22 22 32 20 32 26 20 21 64 27 238 58 20
internal_value=0.00311538 -0.00176426 2.96733e-10 0.00145455 -0.00183206 0.00145455 -0.00408511 0.00630367 0.00368142 -0.00195918 0.00766154 0.00688608 0.00633962
internal_weight=623 252 230 208 130 98 46 371 112 48 259 78 52
internal_count=623 252 230 208 130 98 46 371 112 48 259 78 52
cat_boundaries=0 1
cat_threshold=25
is_linear=0
shrinkage=0.08


Tree=24
num_leaves=14
num_cat=1
split_feature=19 18 14 8 8 5 5 9 14 5 18 8 8
split_gain=1.1006 0.563119 0.479409 0.629383 0.603079 0.377074 0.329141 0.188435 0.379395 0.0823118 0.040388 0.0294643 0.0222447
threshold=0 1.1205000000000003 0.56500000000000006 28.150000000000002 27.955000000000002 3.4336500000000005 3.2694500000000004 38.250000000000007 0.7915000000000002 2.0227500000000003 0.66300000000000014 27.835000000000004 28.355000000000004
decision_type=1 2 10 2 2 2 2 2 8 2 2 2 2
left_child=7 2 -2 4 5 -4 -3 8 -1 -5 -9 -10 -11
right_child=1 6 3 9 -6 -7 -8 10 11 12 -12 -13 -14
leaf_value=-0.00058459334084629423 -0.0025267000416197803 0.00063641119392425234 0.003066872629845817 2.4857362951080617e-05 -0.0016898101409748767 -0.0045730729181410034 -0.00026707070136552642 0.015687206446183318 0.0018971489622894237 0.00045896317051598995 0.023545235941720578 0.0094931826512601146 0.0012489518759698916
leaf_weight=36 21 60 20 20 31 34 20 21 21 20 238 55 26
leaf_count=36 21 60 20 20 31 34 20 21 21 20 238 55 26
internal_value=0.00362821 -0.000547528 -0.00314451 -0.00152632 -0.00604651 -0.000872727 0.00493827 0.00630367 0.00368142 0.00429851 0.00766154 0.00685714 0.00612766
internal_weight=623 252 172 151 85 54 80 371 112 66 259 76 46
internal_count=623 252 172 151 85 54 80 371 112 66 259 76 46
cat_boundaries=0 1
cat_threshold=25
is_linear=0
shrinkage=0.08


Tree=25
num_leaves=14
num_cat=1
split_feature=19 18 9 7 5 13 14 5 9 18 8 9 16
split_gain=1.13977 0.677114 1.13375 0.623126 0.588723 0.99157 0.900952 0.677347 0.682454 0.635714 0.035644 0.0335376 0.0335263
threshold=0 0.75300000000000011 39.850000000000001 0.18195000000000003 2.4397500000000005 0.62150000000000005 0.71600000000000008 3.6573000000000007 40.050000000000004 1.0065000000000002 28.685000000000006 40.650000000000013 0.0040750000000000014
decision_type=1 2 2 2 2 8 10 2 2 2 2 2 10
left_child=12 2 -2 4 5 6 -3 11 9 -9 -5 -6 -1
right_child=1 3 -4 10 7 -7 -8 8 -10 -11 -12 -13 -14
leaf_value=0.022904549998000564 -0.0048912096571517823 2.2086896219858792e-05 0.00073208289469639922 0.0017831593674828439 0.0020198053416123425 0.003155477769376306 -0.0029525275761685768 0.0017343329296240614 0.0012492185627932526 -0.0046525156515923967 0.0042815838696633919 0.0027588745101328753 0.020488656906316339
leaf_weight=221 25 23 38 79 64 20 21 22 22 24 20 20 24
leaf_count=221 25 23 38 79 64 20 21 22 22 24 20 20 24
internal_value=0.00324359 0.00037018 -0.007125 0.00189873 -0.000516129 -0.00689231 -0.0135111 0.00219608 -0.00371014 -0.00919149 0.00712 0.00696471 0.00734375
internal_weight=623 378 63 315 216 64 44 152 68 46 99 84 245
internal_count=623 378 63 315 216 64 44 152 68 46 99 84 245
cat_boundaries=0 1
cat_threshold=24
is_linear=0
shrinkage=0.08


Tree=26
num_leaves=14
num_cat=1
split_feature=19 18 15 16 16 17 15 9 7 15 18 18 2
split_gain=1.32338 0.565737 0.614947 0.436375 0.769099 0.377212 0.359788 0.313361 0.748514 0.985598 0.138083 0.0833337 0.0211302
threshold=0 0.83800000000000008 0.6140000000000001 -0.0012949999999999997 -0.0022199999999999998 0.53770000000000018 0.66750000000000009 38.250000000000007 0.12740000000000004 0.69900000000000007 1.0330000000000001 0.7350000000000001 277.50000000000006
decision_type=1 2 10 10 10 10 10 2 2 10 2 2 2
left_child=7 2 -2 4 6 -4 -3 8 9 -1 -5 -9 -8
right_child=1 3 5 10 -6 -7 12 11 -10 -11 -12 -13 -14
leaf_value=0.0054405306837464707 -0.00043922400638060107 -0.00052533847359294598 0.00032976016723007084 0.00080848064537474191 -0.0012985056676314778 -0.002566459482733984 0.00031246091385207602 0.016200827004456332 0.014646648732635525 -0.0023911577024633827 0.0025773669888290089 0.021791374424817593 0.0014182008934657253
leaf_weight=27 20 30 32 20 24 32 24 39 64 21 50 220 20
leaf_count=27 20 30 32 20 24 32 24 39 64 21 50 220 20
internal_value=0.00273077 -0.00176426 -0.00715294 0.000852071 -0.00258586 -0.0032 0.00149333 0.00567539 0.00226549 -0.00522449 0.0056338 0.00735385 0.00604444
internal_weight=623 252 84 168 98 64 74 371 112 48 70 259 44
internal_count=623 252 84 168 98 64 74 371 112 48 70 259 44
cat_boundaries=0 1
cat_threshold=25
is_linear=0
shrinkage=0.08


Tree=27
num_leaves=15
num_cat=2
split_feature=19 6 6 7 19 15 13 3 10 17 16 12 5 5
split_gain=1.20798 0.750293 0.829449 0.39293 0.234939 0.228453 0.445283 0.604756 0.285258 0.452876 0.108554 0.0349175 0.0328447 0.0307729
threshold=0 50.45000000000001 39.150000000000006 0.13270000000000001 1 0.65750000000000008 0.54350000000000021 6.9000000000000012 16.287600000000001 0.55280000000000007 -0.0065049999999999995 5.2818000000000014 3.6573000000000007 2.2286500000000005
decision_type=1 2 2 2 1 8 10 2 2 10 8 2 2 2
left_child=1 2 3 -1 10 13 7 -7 9 -8 -2 -12 -10 -6
right_child=4 -3 -4 -5 5 6 8 -9 12 -11 11 -13 -14 -15
leaf_value=0.00042062042958644099 0.0077310539615023845 0.00035510083162254612 -0.0064509784297521544 -0.0018618230564117627 0.0032108447862203614 -0.001496122113036085 0.0038325210537177696 2.004411309532837e-05 0.0094975138533783306 -0.00086445852865746158 0.02095972289937223 0.016602521111456669 0.0036623706012899795 0.0036532882717754513
leaf_weight=32 28 36 21 37 20 20 20 38 60 24 194 23 20 50
leaf_count=32 28 36 21 37 20 20 20 38 60 24 194 23 20 50
internal_value=0.00311538 -0.00373723 -0.00791209 -0.00354286 0.00483465 0.00279848 0.00139891 -0.00433898 0.004096 -0.00106667 0.00671875 0.00759633 0.00691358 0.00676056
internal_weight=623 126 90 69 497 252 182 58 124 44 245 217 80 70
internal_count=623 126 90 69 497 252 182 58 124 44 245 217 80 70
cat_boundaries=0 1 2
cat_threshold=2 24
is_linear=0
shrinkage=0.08


Tree=28
num_leaves=15
num_cat=0
split_feature=9 5 11 16 5 16 16 16 10 3 6 16 7 5
split_gain=0.528547 0.396336 0.938773 1.32971 0.281058 0.318594 0.441712 0.267062 0.1024 0.0929152 0.0787517 0.182017 0.034681 0.0307729
threshold=34.70000000000001 2.6266000000000003 68.13000000000001 -8.4999999999999993e-05 3.4336500000000005 -0.00071499999999999992 -0.0021149999999999993 -0.0070849999999999993 15.937950000000003 6.9000000000000012 30.500000000000004 -0.0014399999999999997 0.24520000000000003 4.3855000000000013
decision_type=2 2 2 8 2 10 10 8 2 2 2 8 2 2
left_child=-1 2 7 9 12 6 8 -2 -6 -4 -9 -12 -3 -7
right_child=1 4 3 -5 5 13 -8 10 -10 -11 11 -13 -14 -15
leaf_value=-0.0031440043460741088 -0.00059737180633169528 0.0032505858463423034 0.0010334999300902572 -0.0026468740869150615 0.00018094488075361245 0.0060095320193831424 -0.0012316852220924602 0.0048187505397971637 0.013280018909767719 0.00031476363089633509 -8.3346291347958791e-05 0.0029568894591885816 0.0013280854350191491 0.00077911474643581921
leaf_weight=25 20 185 20 34 20 50 29 69 24 20 25 59 23 20
leaf_count=25 20 185 20 34 20 50 29 69 24 20 25 59 23 20
internal_value=0.0035 0.00397997 0.00151613 -0.00597333 0.00570455 0.00294444 -0.000756756 0.00473563 0.00426667 0.00390244 0.00587013 0.00414118 0.00757895 0.00676056
internal_weight=623 598 247 74 351 143 73 173 44 40 153 84 208 70
internal_count=623 598 247 74 351 143 73 173 44 40 153 84 208 70
is_linear=0
shrinkage=0.08


Tree=29
num_leaves=13
num_cat=1
split_feature=19 8 0 12 16 15 15 16 16 7 9 8
split_gain=0.882112 0.737097 0.553398 1.62911 0.505461 0.624811 0.500141 0.385022 0.450357 0.214091 0.274726 0.0341685
threshold=0 27.705000000000002 260.00000000000006 5.1208500000000008 -0.0014099999999999998 0.72750000000000015 0.75250000000000006 -0.0027749999999999993 -0.0060349999999999996 0.12740000000000004 36.050000000000004 28.625000000000004
decision_type=1 2 2 2 10 10 10 10 10 2 2 2
left_child=2 -2 3 9 5 7 11 8 -3 10 -1 -6
right_child=1 4 -4 -5 6 -7 -8 -9 -10 -11 -12 -13
leaf_value=-0.00037599520029761552 -0.0059091770446525176 -0.0027209323587914606 0.019431421032401738 -0.0027747074777837088 0.00062965518955364222 0.0012264240825131069 -0.00023272558269070469 -0.00055415220505856076 0.00071282958917887886 0.017011013928888267 0.0057912717924207772 0.0017060220659489908
leaf_weight=24 20 32 219 20 68 36 22 28 26 71 37 20
leaf_count=24 20 32 219 20 68 36 22 28 26 71 37 20
internal_value=0.00285897 -0.000851711 0.00525654 0.0016732 0.000412017 -0.00312195 0.00432432 -0.0068046 -0.00298305 0.00493233 0.00141936 0.00701124
internal_weight=623 252 371 152 232 122 110 86 58 132 61 88
internal_count=623 252 371 152 232 122 110 86 58 132 61 88
cat_boundaries=0 1
cat_threshold=25
is_linear=0
shrinkage=0.08


Tree=30
num_leaves=15
num_cat=1
split_feature=19 18 11 11 18 5 2 7 7 10 7 17 7 15
split_gain=0.732424 0.535695 0.663494 0.627699 0.949756 0.449316 0.42984 0.280723 0.332738 0.1366 0.239091 0.110212 0.19933 0.0416544
threshold=0 0.75300000000000011 67.930000000000021 74.345000000000013 1.0065000000000002 2.4397500000000005 300.00000000000006 0.18605000000000002 0.14385000000000001 18.291150000000005 0.19290000000000004 0.55910000000000015 0.13405000000000003 0.78000000000000014
decision_type=1 2 2 2 2 2 2 2 2 2 2 10 2 10
left_child=9 2 -2 5 -5 6 7 8 -3 13 -11 -7 -13 -1
right_child=1 3 -4 4 -6 11 -8 -9 -10 10 -12 12 -14 -15
leaf_value=0.024948224912827461 0.0026068816829326537 0.00039607604844856887 -0.0033866187038770045 0.0014442195517249041 -0.0045676479844331645 0.0010832174900388125 -0.0010438530495844648 0.0044523575973997214 -0.00029046804477800433 -0.0004921697786124977 0.019521750068692296 -0.00012858099123249121 0.003323311754000777 0.0083773843879201577
leaf_weight=180 24 25 39 23 20 125 21 32 24 20 25 22 23 20
leaf_count=180 24 25 39 23 20 125 21 32 24 20 25 22 23 20
internal_value=0.00311538 0.000781491 -0.005875 0.0021519 -0.00672727 0.00357509 -0.000621359 0.00204878 -0.00176 0.00640625 0.0026087 0.00608187 0.0026087 0.00756219
internal_weight=623 378 63 315 43 272 102 81 49 245 45 170 45 200
internal_count=623 378 63 315 43 272 102 81 49 245 45 170 45 200
cat_boundaries=0 1
cat_threshold=24
is_linear=0
shrinkage=0.08


Tree=31
num_leaves=15
num_cat=1
split_feature=19 15 16 16 10 8 16 10 18 18 2 10 7 8
split_gain=0.587618 0.746638 0.581772 0.369662 0.350751 0.276094 0.230854 0.388567 0.192424 0.137503 0.228015 0.332022 0.565504 0.371661
threshold=0 0.67300000000000015 -0.0012949999999999997 -0.0065049999999999995 16.410250000000005 28.075000000000003 0.0040750000000000014 16.740150000000003 1.0295000000000003 1.0865000000000002 277.50000000000006 15.944700000000003 0.16300000000000001 27.935000000000006
decision_type=1 10 10 8 2 2 10 2 2 2 2 2 2 2
left_child=1 2 -1 4 -2 8 9 -8 -3 10 -5 -12 13 -13
right_child=3 5 -4 6 -6 -7 7 -9 -10 -11 11 12 -14 -15
leaf_value=-0.0035785178709097404 0.0024689971209878132 -0.0016810541460036924 0.00098426764990077083 0.006301472250735244 -0.00045271364038035474 0.00030980772457399889 0.012049009066268655 -0.00086779690140338986 0.00086877462975169621 0.0072082251778234768 0.0050491886931890552 0.013789167507143749 0.010681108212344635 -0.00069458499370335608
leaf_weight=28 26 21 21 145 30 36 21 27 20 153 32 20 23 20
leaf_count=28 26 21 21 145 30 36 21 27 20 153 32 20 23 20
internal_value=0.00285897 -0.0019854 -0.00976 0.00404724 -0.00196491 0.00276923 0.00490498 -0.00032653 -0.00171429 0.00554315 0.00431535 0.00125 -0.002125 -0.00780488
internal_weight=623 126 49 497 56 77 441 48 41 393 240 95 63 40
internal_count=623 126 49 497 56 77 441 48 41 393 240 95 63 40
cat_boundaries=0 1
cat_threshold=2
is_linear=0
shrinkage=0.08


Tree=32
num_leaves=14
num_cat=1
split_feature=19 11 18 5 16 11 18 16 5 16 5 5 11
split_gain=0.607679 0.460212 0.852545 0.770138 0.650664 0.804684 0.450201 0.392044 0.299138 0.193571 0.166022 0.123416 0.0250677
threshold=0 74.345000000000013 1.0065000000000002 2.6739000000000002 0.0010550000000000002 68.13000000000001 0.7350000000000001 -0.0013899999999999997 2.0257500000000004 -0.0065049999999999995 2.0227500000000003 3.7700000000000005 74.345000000000013
decision_type=1 2 2 2 8 2 2 10 2 8 2 2 2
left_child=9 3 -3 4 7 -6 -5 8 -2 -1 -11 -8 -12
right_child=1 2 -4 6 5 -7 11 -9 -10 10 12 -13 -14
leaf_value=0.0036462048047008313 0.00037546987516990315 0.00051254708621980779 -0.0041410126276837178 -0.0017960396376190976 -1.3393155113756023e-05 -0.0022038418918688399 0.0016375804422295217 0.0022281871654325405 -0.00071254427748967388 0.005301223270922255 0.023056152887945495 0.000571061263539285 0.011988281987887461
leaf_weight=28 33 28 20 25 33 21 120 36 36 38 151 26 28
leaf_count=28 33 28 20 25 33 21 120 36 36 38 151 26 28
internal_value=0.00247436 0.00037018 -0.00685714 0.00145015 -0.00255 -0.0096 0.00516279 0.00113208 -0.0024 0.00546875 0.00649541 0.00685714 0.00751111
internal_weight=623 378 48 330 159 54 171 105 69 245 217 146 179
internal_count=623 378 48 330 159 54 171 105 69 245 217 146 179
cat_boundaries=0 1
cat_threshold=24
is_linear=0
shrinkage=0.08


Tree=33
num_leaves=15
num_cat=0
split_feature=10 18 5 10 11 12 11 18 7 6 10 14 12 4
split_gain=0.709319 0.573219 0.477576 0.713509 0.687611 0.684173 0.886737 0.64998 0.347408 0.277241 0.434949 0.51828 0.0770332 0.0259048
threshold=14.151400000000001 1.2475000000000003 2.6739000000000002 16.133850000000006 74.345000000000013 5.0661500000000013 68.13000000000001 1.0065000000000002 0.18905000000000002 41.20000000000001 16.711350000000007 0.74850000000000005 4.8352000000000013 0.56500000000000006
decision_type=2 2 2 2 2 2 2 2 2 2 2 10 2 2
left_child=-1 2 3 -2 9 -5 8 -6 -7 10 11 -4 -3 -12
right_child=1 12 4 5 7 6 -8 -9 -10 -11 13 -13 -14 -15
leaf_value=0.2480713150824877 -0.00080932771854685113 0.0010977963718101587 0.00075520728783619914 0.0021370844517333491 0.00040431595656337222 -0.00041912168371222806 -0.0021028262981601801 -0.0031154766028985482 0.0038994851305318812 0.0031756467126632937 0.016942202994377206 -0.00092985797980106762 0.00249792255806506 0.0024980405465078225
leaf_weight=117 22 33 23 48 36 34 28 23 33 80 34 23 69 20
leaf_count=117 22 33 23 48 36 34 28 23 33 80 34 23 69 20
internal_value=0.00234615 0.00104142 -0.000316049 -0.00361446 0.00196667 -0.0015 -0.00541667 -0.00546667 -0.000352941 0.00441989 0.00158416 -0.00408511 0.00636893 0.0064
internal_weight=623 506 404 165 239 143 95 59 67 180 100 46 102 54
internal_count=623 506 404 165 239 143 95 59 67 180 100 46 102 54
is_linear=0
shrinkage=0.08


Tree=34
num_leaves=14
num_cat=1
split_feature=19 16 16 0 11 15 13 15 13 7 6 14 14
split_gain=0.766294 0.619692 1.10833 0.582698 0.941624 0.407565 0.494501 0.321359 0.287903 0.285641 0.365432 0.283862 0.0395502
threshold=0 -0.0012949999999999997 -0.0021149999999999993 260.00000000000006 71.800000000000011 0.72750000000000015 0.60150000000000003 0.78000000000000014 0.51150000000000018 0.14110000000000003 50.45000000000001 0.7400000000000001 0.57400000000000007
decision_type=1 10 10 2 2 10 8 10 10 2 2 8 8
left_child=3 2 5 4 -1 6 8 11 -2 -3 -11 -6 -5
right_child=1 9 -4 12 7 -7 -8 -9 -10 10 -12 -13 -14
leaf_value=-0.0021102809142249479 -0.00074147388925848074 0.00086787799588867987 -0.00089546675142345236 0.0056432098468222839 -0.0012024641086105601 0.0010997582700416186 -0.0022301214738257198 -0.0007369504358108516 0.0026062076928417936 -0.00032185762642559119 0.0022946064478225159 0.0071659322589747712 0.017035635473533081
leaf_weight=21 32 52 26 21 24 38 26 26 20 36 22 81 198
leaf_count=21 32 52 26 21 24 38 26 26 20 36 22 81 198
internal_value=0.00260256 -0.000851711 -0.00436364 0.0048377 0.00115033 -0.000957265 -0.00425316 0.00369697 0.000301887 0.0036036 -0.000271186 0.00566038 0.0076
internal_weight=623 252 142 371 152 116 78 131 52 110 58 105 219
internal_count=623 252 142 371 152 116 78 131 52 110 58 105 219
cat_boundaries=0 1
cat_threshold=25
is_linear=0
shrinkage=0.08


Tree=35
num_leaves=15
num_cat=0
split_feature=10 5 9 10 10 5 11 9 7 6 10 6 7 9
split_gain=0.645562 0.429386 0.646133 1.0238 0.602976 0.564374 0.533479 0.736156 0.58072 0.507921 0.257414 0.404289 0.138083 0.0864423
threshold=14.151400000000001 2.6266000000000003 40.350000000000001 18.009850000000004 17.944700000000001 2.3483000000000005 74.345000000000013 39.650000000000013 0.11495000000000001 30.500000000000004 16.555900000000005 35.70000000000001 0.11495000000000001 41.650000000000013
decision_type=2 2 2 2 2 2 2 2 2 2 2 2 2 2
left_child=-1 2 3 -2 5 9 10 8 -8 -4 11 -3 -13 -6
right_child=1 6 4 -5 13 -7 7 -9 -10 -11 -12 12 -14 -15
leaf_value=0.22686275903800604 0.00037176124875428054 -0.0002656562745996718 0.0013610173721666479 -0.0020545718226832117 0.010419217447989007 -0.0014341900904109523 -0.0039987283838601017 0.00027763334636095392 0.0032183560363778104 -0.00043957638208174624 0.0067737440619464028 2.8964732014199886e-05 0.0015773156424973168 0.0015702118015446798
leaf_weight=117 24 38 28 20 50 20 20 24 20 32 132 20 50 28
leaf_count=117 24 38 28 20 50 20 20 24 20 32 132 20 50 28
internal_value=0.00260256 0.001357 -0.00149754 -0.00995556 0.000905661 -0.00395062 0.00325246 -0.0032 -0.0097561 2.93138e-10 0.00497925 0.00205505 0.0056338 0.00587342
internal_weight=623 506 202 44 158 80 304 64 40 60 240 108 70 78
internal_count=623 506 202 44 158 80 304 64 40 60 240 108 70 78
is_linear=0
shrinkage=0.08


Tree=36
num_leaves=15
num_cat=0
split_feature=10 18 16 6 16 6 7 12 10 18 17 6 18 1
split_gain=0.776035 0.575002 0.509654 1.24108 0.451627 0.502444 0.431371 0.484119 0.742179 0.689611 0.555688 0.528523 0.426342 0.130233
threshold=14.151400000000001 1.2320000000000002 -0.0065049999999999995 35.550000000000004 -0.0031149999999999993 70.300000000000011 0.25035000000000007 5.1208500000000008 17.895250000000004 0.83800000000000008 0.39570000000000005 41.95000000000001 0.9295000000000001 24.000000000000004
decision_type=2 2 8 2 8 2 2 2 2 2 10 2 2 2
left_child=-1 2 3 -2 -4 6 7 8 10 -9 -6 12 -12 -7
right_child=1 -3 4 -5 5 13 -8 9 -10 -11 11 -13 -14 -15
leaf_value=0.20871373831496556 -0.0014525120745767018 0.0018930782811609214 0.0025298608286432279 0.003720578912441902 0.00044826020981726265 0.0028933843676676595 0.002056674810392586 -0.0017323032915009058 0.0032433212770700361 -9.0536397727217983e-05 -0.00085139072606711002 0.0003051916199582403 -0.0010471269958522331 0.00035548729060021065
leaf_weight=117 20 111 60 22 24 42 34 25 49 31 26 22 20 20
leaf_count=117 20 111 60 22 24 42 34 25 49 31 26 22 20 20
internal_value=0.00208974 0.000725839 -0.00070707 -0.00893023 0.000293786 -0.0010068 -0.00272414 -0.00416162 -0.0016338 -0.010386 -0.00584946 -0.00950725 -0.0142979 0.00533333
internal_weight=623 506 395 42 353 293 231 197 141 56 92 68 46 62
internal_count=623 506 395 42 353 293 231 197 141 56 92 68 46 62
is_linear=0
shrinkage=0.08


Tree=37
num_leaves=15
num_cat=0
split_feature=10 7 5 9 6 10 1 10 10 11 16 1 14 14
split_gain=0.810503 0.854946 0.401163 0.625602 0.633393 0.502672 0.377669 0.457757 0.584014 0.343345 0.288003 0.18583 0.171543 0.151719
threshold=14.151400000000001 0.078000000000000014 2.6739000000000002 40.95000000000001 34.350000000000001 15.776850000000001 16.000000000000004 17.889200000000002 16.422450000000001 66.660000000000011 -0.007154999999999999 20.000000000000004 0.78650000000000009 0.74450000000000005
decision_type=2 2 2 2 2 2 2 2 2 2 10 2 8 10
left_child=-1 -2 3 4 9 -4 7 8 12 -3 -5 -6 -7 -12
right_child=1 2 5 10 11 6 -8 -9 -10 -11 13 -13 -14 -15
leaf_value=0.19201663924976831 -0.00070085521025601704 0.011483126573313724 -0.0045491768675195131 -0.0008135242592793862 -0.00036454954838285674 2.9214761314341181e-05 0.0050396096369611744 0.0056781309631938545 -0.0016498579173184437 -0.00047530666553734799 0.0036137450563231617 -0.00079581587396935485 0.0011953442954867829 0.00019228269172851456
leaf_weight=117 20 20 26 24 20 26 108 48 36 36 65 20 28 29
leaf_count=117 20 20 26 24 20 26 108 48 36 36 65 20 28 29
internal_value=0.00196154 0.000568048 0.00124846 -0.00133953 -0.00610309 0.00328205 0.00440486 0.00161151 -0.00175824 -0.000561403 0.00255462 -0.0136585 0.00349091 0.00454737
internal_weight=623 506 486 214 96 272 246 138 90 56 118 40 54 94
internal_count=623 506 486 214 96 272 246 138 90 56 118 40 54 94
is_linear=0
shrinkage=0.08


Tree=38
num_leaves=15
num_cat=0
split_feature=10 18 17 17 13 10 8 13 10 12 10 5 16 7
split_gain=0.918343 0.556071 0.575774 0.77383 0.517594 0.781114 0.732121 0.772342 0.478282 0.467195 0.349989 0.290322 0.290026 0.143634
threshold=14.151400000000001 1.2320000000000002 0.5718000000000002 0.56550000000000011 0.54350000000000021 18.477100000000004 28.275000000000002 0.47750000000000004 16.711350000000007 4.827700000000001 16.287600000000001 2.7474000000000003 -0.004429999999999999 0.13405000000000003
decision_type=2 2 10 10 10 2 2 10 2 2 2 2 8 2
left_child=-1 2 3 4 5 6 7 11 -8 -9 -6 -2 -3 -12
right_child=1 12 -4 -5 10 -7 8 9 -10 -11 13 -13 -14 -15
leaf_value=0.17665530810978683 -2.4978120599327664e-05 -2.0960532823145474e-05 0.0033833406533971774 -0.0019198720389846952 -0.00025181749391451258 0.0064826075630426763 -0.00032093650560356132 -0.003199115665777315 -0.0016920994569874991 4.4043935880123258e-06 0.00055050972120183211 0.0059372800393938229 0.0034368841999894359 0.01182170805121594
leaf_weight=117 20 21 53 22 43 30 33 25 27 25 20 40 90 57
leaf_count=117 20 21 53 22 43 30 33 25 27 25 20 40 90 57
internal_value=0.00157692 9.46749e-05 -0.00131313 -0.00251895 -0.00149533 -0.0039801 -0.00608187 -0.00216216 -0.0131148 -0.00941176 0.00264463 0.00393443 0.00507143 0.00584615
internal_weight=623 506 395 342 320 200 170 110 60 50 120 60 111 77
internal_count=623 506 395 342 320 200 170 110 60 50 120 60 111 77
is_linear=0
shrinkage=0.08


Tree=39
num_leaves=15
num_cat=0
split_feature=10 10 16 13 10 6 15 9 12 15 6 6 10 13
split_gain=0.881656 0.504165 0.490791 0.492339 0.49654 0.46375 0.567569 0.420002 0.558135 0.907295 0.381297 0.584266 0.332738 0.266601
threshold=14.151400000000001 17.801900000000003 -0.0012949999999999997 0.51050000000000006 16.844750000000001 28.850000000000005 0.72750000000000015 35.250000000000007 5.1208500000000008 0.6605000000000002 50.45000000000001 36.45000000000001 16.185900000000004 0.57650000000000012
decision_type=2 2 10 8 2 2 10 2 2 10 2 2 2 8
left_child=-1 2 3 12 5 -5 -7 -3 -9 -10 11 13 -2 -4
right_child=1 7 10 4 -6 6 -8 8 9 -11 -12 -13 -14 -15
leaf_value=0.16252288346100391 -0.00015416303668215695 -0.00064984321259081571 0.00089565440950601489 0.00078347235202249873 0.003731675819554703 -0.0015196142500777919 0.00040165237853836662 0.0093204648653605945 0.0046560988441549439 -0.0015645434380763483 0.0011817884332443096 -0.00031304151893189926 -0.0006331090066447495 -5.9194068311460224e-05
leaf_weight=117 25 20 32 40 26 33 22 130 40 26 44 24 24 20
leaf_count=117 25 20 32 40 26 33 22 130 40 26 44 24 24 20
internal_value=0.00170513 0.000252466 -0.0019244 -0.00467836 -0.00190164 -0.00458333 -0.00928571 0.00317051 0.00430457 -0.00167164 0.00198347 -0.00145455 -0.01136 0.00332075
internal_weight=623 506 290 170 121 95 55 216 196 66 120 76 49 52
internal_count=623 506 290 170 121 95 55 216 196 66 120 76 49 52
is_linear=0
shrinkage=0.08


Tree=40
num_leaves=15
num_cat=1
split_feature=19 15 14 10 7 15 7 10 10 15 11 13 1 15
split_gain=1.11607 0.947188 0.692839 0.512261 0.456823 0.573084 0.510241 0.446041 0.382891 0.347105 0.206974 0.123133 0.112133 0.109266
threshold=0 0.68800000000000006 0.74850000000000005 14.151400000000001 0.17535000000000003 0.77700000000000014 0.14385000000000001 17.341550000000002 18.291150000000005 0.75850000000000006 73.515000000000015 0.63200000000000012 24.000000000000004 0.6140000000000001
decision_type=1 10 8 2 2 10 2 2 2 10 2 8 2 10
left_child=1 2 -1 -2 5 6 8 -8 10 12 13 -6 -3 -5
right_child=3 9 -4 4 11 -7 7 -9 -10 -11 -12 -13 -14 -15
leaf_value=-0.00010694783471574133 0.14952105278412356 0.00028885196633760343 -0.0035553063159236833 0.0013143525877527423 0.0072353731079948802 -0.00055503818357809434 -0.00043321332058388756 0.00010926346716576361 -0.0013005568984103216 -0.00081995677092767483 6.6348204029419521e-05 0.00017069583175349041 0.00050334685984418327 0.0030259209591587217
leaf_weight=35 117 29 22 27 99 24 21 40 22 20 39 21 20 87
leaf_count=35 117 29 22 27 99 24 21 40 22 20 39 21 20 87
internal_value=0.00157692 -0.00490511 -0.0128276 0.00325984 0.00188976 2.96881e-10 0.00121519 -0.00503226 0.00340909 0.00102857 0.00483117 0.00595041 0.00464 0.00653913
internal_weight=623 126 57 497 380 260 236 61 175 69 153 120 49 114
internal_count=623 126 57 497 380 260 236 61 175 69 153 120 49 114
cat_boundaries=0 1
cat_threshold=2
is_linear=0
shrinkage=0.08


Tree=41
num_leaves=15
num_cat=0
split_feature=10 18 16 6 16 16 18 11 18 6 15 10 12 14
split_gain=0.810503 0.611378 0.484932 1.24108 0.308605 0.402872 0.899592 0.464234 0.690082 0.330507 0.319923 0.302317 0.266147 0.22619
threshold=14.151400000000001 1.2320000000000002 -0.0065049999999999995 35.550000000000004 -0.0031149999999999993 -0.0014099999999999998 0.9425 72.710000000000022 0.79550000000000021 27.050000000000004 0.71850000000000003 17.703300000000002 5.1208500000000008 0.68100000000000016
decision_type=2 2 8 2 8 10 2 2 2 2 10 2 2 10
left_child=-1 2 3 -2 -4 6 7 8 -6 11 -8 -7 -11 -14
right_child=1 -3 4 -5 5 9 10 -9 -10 12 -12 -13 13 -15
leaf_value=0.13755936856139367 -0.0013928158472970161 0.0016165212372305511 0.0017383369580519722 0.0031580717922371849 -0.0014205783482095522 0.00015196477947372676 -0.00014044769005286045 0.001443401371282902 0.00055445371405060239 0.0005748314142776772 -0.00070697130826973128 -0.0023543856842192863 0.0038047402714852588 -0.00025945108330480089
leaf_weight=117 20 111 60 22 20 25 22 33 24 86 22 20 21 20
leaf_count=117 20 111 60 22 20 25 22 33 24 86 22 20 21 20
internal_value=0.00196154 0.000568048 -0.000909091 -0.00893023 6.77969e-05 -0.0010068 -0.00452459 0.000717949 -0.00462222 0.00147977 -0.0135111 -0.00434783 0.0035625 -0.00171429
internal_weight=623 506 395 42 353 293 121 77 44 172 44 45 127 41
internal_count=623 506 395 42 353 293 121 77 44 172 44 45 127 41
is_linear=0
shrinkage=0.08


Tree=42
num_leaves=15
num_cat=0
split_feature=10 18 7 17 15 10 11 14 14 13 13 7 18 10
split_gain=0.881656 0.521429 0.454052 0.575066 0.590827 0.617532 0.580028 0.57009 0.541971 0.476575 0.456011 0.435977 0.281887 0.157004
threshold=14.151400000000001 1.2320000000000002 0.18195000000000003 0.57655000000000012 0.75100000000000011 17.642750000000003 64.915000000000006 0.71350000000000013 0.80750000000000022 0.55600000000000016 0.63200000000000012 0.14385000000000001 1.0130000000000001 16.555900000000005
decision_type=2 2 2 8 10 2 2 10 10 10 8 2 2 2
left_child=-1 2 3 4 6 -6 11 -8 9 -9 13 -2 -11 -4
right_child=1 -3 10 -5 5 -7 7 8 -10 12 -12 -13 -14 -15
leaf_value=0.12655461907648216 -4.3932599776073254e-05 0.001487199538252107 5.3217175093293707e-05 0.0028876180939975942 -0.00066500936687666841 -0.0012788776621602894 0.0021190410043233775 -0.0022721198555054802 0.0033145094384559944 0.00048998378421737294 -0.0011272684430266738 -0.001139266743110125 -0.00014493687428028621 0.012534612946978574
leaf_weight=117 22 111 35 51 21 20 40 38 22 26 20 20 20 60
leaf_count=117 22 111 35 51 21 20 40 38 22 26 20 20 20 60
internal_value=0.00170513 0.000252466 -0.00111111 -0.00284697 -0.00455652 -0.0131429 -0.00262434 -0.000217687 -0.00328972 -0.00621176 0.00310345 -0.0107907 -0.000680851 0.00541667
internal_weight=623 506 395 280 229 41 188 146 106 84 115 42 46 95
internal_count=623 506 395 280 229 41 188 146 106 84 115 42 46 95
is_linear=0
shrinkage=0.08


Tree=43
num_leaves=15
num_cat=1
split_feature=19 18 14 5 7 5 3 12 9 10 9 13 7 12
split_gain=0.894905 0.530228 0.583103 0.729627 0.447138 0.272553 0.48858 0.42783 0.316418 0.239299 0.37986 0.225092 0.218998 0.144347
threshold=0 0.84050000000000014 0.73650000000000004 2.6374000000000004 0.086150000000000018 2.7780000000000005 6.9000000000000012 5.1006500000000008 35.850000000000001 17.792200000000005 38.250000000000007 0.62350000000000005 0.14110000000000003 5.1923000000000004
decision_type=1 2 10 2 2 2 2 2 2 2 2 10 2 2
left_child=9 2 3 -2 -3 6 7 -6 -7 -1 -11 -8 -4 -12
right_child=1 4 12 -5 5 8 11 -9 -10 10 13 -13 -14 -15
leaf_value=0.043749551605612176 -0.00074194373217377886 -0.00038273159066522949 0.00040882377573904423 0.0008155959181285129 -0.00026224758998434134 -0.0022079096226776023 0.0013947928719140934 0.00042962377345640289 0.00079880004113828365 -0.00010673712415757566 0.0077332674822270667 -0.00036489665311949639 -0.00073135899990350254 0.0028019132874259091
leaf_weight=135 28 23 38 20 20 20 53 22 96 32 58 21 37 20
leaf_count=135 28 23 38 20 20 20 53 22 96 32 58 21 37 20
internal_value=0.00183333 -0.000658097 -0.00496774 -0.0117551 0.00140625 0.0024721 -0.000273504 -0.00706977 0.00519658 0.00546875 0.00288288 0.00362667 -0.000526315 0.00587342
internal_weight=623 378 123 48 255 232 116 42 116 245 110 74 75 78
internal_count=623 378 123 48 255 232 116 42 116 245 110 74 75 78
cat_boundaries=0 1
cat_threshold=24
is_linear=0
shrinkage=0.08


Tree=44
num_leaves=15
num_cat=0
split_feature=10 10 6 16 10 6 12 6 8 9 18 9 8 12
split_gain=1.03284 0.598457 0.466924 0.522608 0.434879 0.420558 0.41405 0.453506 0.685135 0.56646 0.358776 0.327176 0.759826 0.295312
threshold=14.151400000000001 17.801900000000003 50.45000000000001 -0.0067549999999999989 16.2651 99.90000000000002 4.6914000000000007 21.100000000000005 28.365000000000006 40.45000000000001 0.95450000000000002 40.250000000000007 28.085000000000004 4.8341500000000002
decision_type=2 2 2 10 2 2 2 2 2 2 2 2 2 2
left_child=-1 2 3 4 -2 -4 -5 -8 9 10 -9 12 13 -3
right_child=1 11 5 6 -6 -7 7 8 -10 -11 -12 -13 -14 -15
leaf_value=0.11293028542191459 -0.00048590076892398334 -0.0010680303684578926 0.0016743876100049401 0.0026606799653137243 -0.00099553547995286031 -0.0001169932333883083 0.00033401618655475458 0.00015562887098882213 0.00027476454494598389 -0.00022262085455269196 -0.0027088282992348699 0.0076824581091283987 -0.00060357340299505566 0.0059868952067047088
leaf_weight=117 20 20 64 32 22 20 34 22 30 20 26 126 28 42
leaf_count=117 20 20 64 32 22 20 34 22 30 20 26 126 28 42
internal_value=0.00119231 -0.000378698 -0.00274914 -0.00479227 -0.0126512 0.00225882 -0.00271515 -0.00469173 -0.00743434 -0.0118261 -0.00685714 0.00280184 -0.000879121 0.00406349
internal_weight=623 506 290 206 42 84 164 132 98 68 48 216 90 62
internal_count=623 506 290 206 42 84 164 132 98 68 48 216 90 62
is_linear=0
shrinkage=0.08


Tree=45
num_leaves=15
num_cat=0
split_feature=10 5 10 7 15 10 10 1 5 8 12 12 18 6
split_gain=0.918343 0.497429 0.557876 0.495281 0.462835 1.36401 1.0444 0.632229 0.407169 0.608898 0.905094 0.312463 0.229279 0.151407
threshold=14.151400000000001 2.6739000000000002 15.725650000000002 0.25035000000000007 0.71850000000000003 18.099300000000003 16.531500000000005 16.000000000000004 3.7700000000000005 27.915000000000003 4.7579000000000002 5.2950500000000007 0.77550000000000019 20.250000000000004
decision_type=2 2 2 2 10 2 2 2 2 2 2 2 2 2
left_child=-1 3 -3 4 6 7 -2 -6 12 10 -10 -8 -4 -14
right_child=1 2 8 -5 5 -7 11 -9 9 -11 -12 -13 13 -15
leaf_value=0.10389586258816143 -0.00023656121606511932 -0.0028845708598529947 0.00033888723340931044 0.0023961619290422641 0.00048117251039826795 -0.0019277810563388892 0.0032432360129399426 -0.000326345484836691 0.013239403404785624 0.0012013870355168303 -0.0025096537796594756 -0.00025137122789043359 0.00029710968909830808 0.0019222373871470599
leaf_weight=117 35 22 40 36 22 20 50 31 22 40 24 20 22 122
leaf_count=117 35 22 40 36 22 20 50 31 22 40 24 20 22 122
internal_value=0.00157692 9.46749e-05 0.00223891 -0.00282791 -0.00455866 -0.0094054 -0.00113208 -0.00251852 0.00324723 -0.00128736 -0.00748936 0.00450704 0.00536216 0.00684138
internal_weight=623 506 292 214 178 73 105 53 270 86 46 70 184 144
internal_count=623 506 292 214 178 73 105 53 270 86 46 70 184 144
is_linear=0
shrinkage=0.08


Tree=46
num_leaves=15
num_cat=1
split_feature=19 6 6 5 10 10 10 5 15 5 6 11 6 8
split_gain=1.28382 0.703111 1.07456 0.694533 0.640104 0.519815 0.471813 0.528046 1.05378 0.496884 0.849254 0.232676 0.218305 0.102381
threshold=0 50.45000000000001 39.150000000000006 2.1897500000000005 15.944700000000003 16.009850000000004 16.11655 2.0227500000000003 0.71850000000000003 3.7700000000000005 46.400000000000013 65.055000000000021 36.900000000000013 28.275000000000002
decision_type=1 2 2 2 2 2 2 2 10 2 2 2 2 2
left_child=1 2 3 -1 -2 -5 -6 8 12 11 -11 13 -8 -9
right_child=4 -3 -4 5 6 -7 7 9 -10 10 -12 -13 -14 -15
leaf_value=0.0010391124040199746 0.013106830192950539 0.0005087346763485007 -0.0029440347154177818 2.8092801530456119e-07 -0.00015763881061123261 -0.0010694071913471179 0.002411521552665209 -0.00089478267175650274 -0.0016936118074498815 -0.0017764281174326897 0.013289548083916209 0.005449186688353088 -0.00020756046094020153 0.0071423971476486893
leaf_weight=20 161 36 21 25 22 24 24 20 20 26 23 159 21 21
leaf_count=20 161 36 21 25 22 24 24 20 20 26 23 159 21 21
internal_value=0.00144872 -0.00548905 -0.00967033 -0.00468571 0.00325984 -0.00976 0.00132938 0.00213333 -0.00424242 0.003808 -0.00336 0.00557214 0.0026087 0.000190476
internal_weight=623 126 90 69 497 49 336 314 65 249 49 200 45 41
internal_count=623 126 90 69 497 49 336 314 65 249 49 200 45 41
cat_boundaries=0 1
cat_threshold=2
is_linear=0
shrinkage=0.08


Tree=47
num_leaves=15
num_cat=1
split_feature=19 16 7 14 10 5 16 11 10 10 12 7 14 5
split_gain=1.02335 0.64338 0.497197 0.65219 0.576954 0.768905 0.426745 0.254016 0.344726 0.231262 0.380368 0.268945 0.181476 0.109298
threshold=0 -0.0014399999999999997 0.087550000000000017 0.76350000000000018 16.844750000000001 2.8931500000000003 0.0040750000000000014 68.63000000000001 16.037150000000004 17.763950000000005 5.2201500000000012 0.11495000000000001 0.82750000000000001 2.3483000000000005
decision_type=1 10 2 10 2 2 10 2 2 2 2 2 10 2
left_child=9 2 -2 4 5 -4 7 -3 -9 -1 11 -11 -5 -6
right_child=1 6 3 12 13 -7 -8 8 -10 10 -12 -13 -14 -15
leaf_value=0.046995313196173803 -0.00071832934390809447 0.001749496197142918 -0.00077968206524365105 0.00074172692942412605 -0.00066509626791039385 -0.00075874559693336397 -9.3939579786259567e-05 0.00049840840743907639 -0.0005383111417739142 -0.0010664405621304144 -0.0015562205935361964 0.004363398202660314 -0.00014051676764907539 0.001131696624732445
leaf_weight=133 24 69 30 45 20 30 36 28 41 24 22 66 33 22
leaf_count=133 24 69 30 45 20 30 36 28 41 24 22 66 33 22
internal_value=0.00157692 -0.00106941 -0.00413658 -0.00265193 -0.00683495 -0.0118033 0.00246857 0.00448921 0.00102857 0.00546875 0.00297345 0.00527473 0.00283544 0.000372093
internal_weight=623 378 204 180 102 60 174 138 69 245 112 90 78 42
internal_count=623 378 204 180 102 60 174 138 69 245 112 90 78 42
cat_boundaries=0 1
cat_threshold=24
is_linear=0
shrinkage=0.08


Tree=48
num_leaves=15
num_cat=0
split_feature=10 6 7 10 11 15 10 2 10 15 6 10 12 16
split_gain=1.15399 0.619842 0.467784 0.847198 0.642828 0.802559 0.741432 0.595681 0.512386 0.752416 0.415976 0.34113 0.339786 0.247896
threshold=14.151400000000001 65.90000000000002 0.16005000000000003 18.276900000000001 73.430000000000021 0.65750000000000008 16.287600000000001 300.00000000000006 17.924650000000003 0.59950000000000003 35.70000000000001 17.642750000000003 4.665350000000001 -0.0025449999999999995
decision_type=2 2 2 2 2 10 2 2 2 10 2 2 2 8
left_child=-1 2 3 4 6 -6 7 10 9 -4 -2 -7 -3 -8
right_child=1 12 8 -5 5 11 13 -9 -10 -11 -12 -13 -14 -15
leaf_value=0.09077602210997858 -9.938242952110387e-05 -0.00033507052643172517 -0.00077491275838133288 -0.0015216885162957789 0.0026131975040872332 -0.00014885996026196843 0.00019624295305376612 -0.0005598726043100845 0.0045248848231020222 0.00011307209648340115 0.0054110561911371322 -0.0018631819266061174 0.0032046602051130249 0.0021281063275541317
leaf_weight=117 32 20 24 28 20 24 38 22 78 54 20 20 68 58
leaf_count=117 32 20 24 28 20 24 38 22 78 54 20 20 68 58
internal_value=0.000807693 -0.000852071 -0.00213842 -0.00419772 -0.00258723 -0.00935385 2.9628e-10 -0.00597333 0.00132484 -0.00324051 -0.00120755 -0.0152889 0.00521348 0.00461856
internal_weight=623 506 418 262 234 64 170 74 156 78 52 44 88 96
internal_count=623 506 418 262 234 64 170 74 156 78 52 44 88 96
is_linear=0
shrinkage=0.08


Tree=49
num_leaves=15
num_cat=1
split_feature=19 13 0 11 11 16 8 9 13 16 0 5 5 6
split_gain=1.04499 0.444581 1.02846 1.0588 0.690862 0.429199 0.469194 0.383465 0.377133 0.373027 0.284749 0.26113 0.212319 0.341201
threshold=0 0.54350000000000021 282.50000000000006 72.105000000000018 68.13000000000001 -0.0070849999999999993 27.820000000000004 35.050000000000004 0.48850000000000005 -0.0012949999999999997 260.00000000000006 2.8053500000000002 2.6739000000000002 44.300000000000004
decision_type=1 10 2 2 2 10 2 2 10 8 2 2 2 2
left_child=-1 2 3 4 -2 -3 10 -5 -9 11 -7 -4 13 -8
right_child=1 5 9 7 -6 6 12 8 -10 -11 -12 -13 -14 -15
leaf_value=0.083681508950568112 -2.9428486232241014e-05 -0.00071527852610817511 -0.00066262197212266216 -0.00077522574496961957 -0.00119379921534604 -0.0013421028063567411 0.0016391414857505498 0.0008298794428149639 -0.00050861042435121166 0.0023365506144436923 0.0027615987967074367 0.0085636801595206802 0.0011288856586180488 -0.00064652640658907125
leaf_weight=119 20 24 24 20 36 20 48 40 28 64 24 20 116 20
leaf_count=119 20 24 24 20 36 20 48 40 28 64 24 20 116 20
internal_value=0.000935898 -0.000714563 -0.00309881 -0.00750345 -0.016 0.00164427 0.00272489 -0.00197753 0.000927537 0.00278899 -0.00462222 -0.00284444 0.0044973 0.000927537
internal_weight=623 504 252 144 56 252 228 88 68 108 44 44 184 68
internal_count=623 504 252 144 56 252 228 88 68 108 44 44 184 68
cat_boundaries=0 1
cat_threshold=8
is_linear=0
shrinkage=0.08


Tree=50
num_leaves=15
num_cat=0
split_feature=10 10 15 14 16 0 12 14 16 12 15 18 18 7
split_gain=1.11287 0.453032 0.745778 0.821656 0.641483 0.482606 0.640359 0.604535 0.323997 0.41423 0.299995 0.269733 0.305486 0.270489
threshold=14.151400000000001 16.844750000000001 0.69600000000000006 0.71150000000000013 -0.0014399999999999997 260.00000000000006 5.0661500000000013 0.74650000000000005 -0.0012949999999999997 5.1750500000000015 0.77150000000000019 1.2095000000000002 0.95450000000000002 0.14110000000000003
decision_type=2 2 10 8 8 2 2 10 8 2 10 2 2 2
left_child=-1 2 3 -2 -5 6 7 -3 9 -7 -9 12 13 -4
right_child=1 5 11 4 -6 8 -8 10 -10 -11 -12 -13 -14 -15
leaf_value=0.076819419625134833 0.00020624354583426209 -0.0012319176251138085 0.00062561593428823005 -0.0013579058638101798 -0.00019038549482320279 0.0024389083577702072 -0.00063219673404300532 0.0030113864479322035 0.0095492385359807648 -0.001086445255868957 -4.841325074129822e-05 0.0010929463317527342 -0.00029504188980952441 -0.00057072753379966412
leaf_weight=117 43 20 30 28 38 46 20 44 98 24 20 28 38 29
leaf_count=117 43 20 30 28 38 46 20 44 98 24 20 28 38 29
internal_value=0.000935898 -0.00069428 -0.00326808 -0.00807273 -0.0136119 0.00152381 -0.00274286 0.000376471 0.00416568 2.93826e-10 0.00418462 0.000952381 -0.00106122 0.00253333
internal_weight=623 506 234 109 66 272 104 84 168 70 64 125 97 59
internal_count=623 506 234 109 66 272 104 84 168 70 64 125 97 59
is_linear=0
shrinkage=0.08


Tree=51
num_leaves=15
num_cat=1
split_feature=19 7 5 16 16 5 18 5 18 18 15 18 8 5
split_gain=0.963828 0.415515 0.531604 0.462272 0.506143 0.674069 0.57505 0.488147 0.445873 0.49102 0.550817 0.406065 0.149356 0.120178
threshold=0 0.078000000000000014 2.6739000000000002 -0.007154999999999999 -0.0027399999999999998 2.0227500000000003 0.93700000000000017 2.3339000000000003 1.0835000000000001 1.0065000000000002 0.6140000000000001 0.76850000000000007 27.765000000000004 2.5255000000000005
decision_type=1 2 2 10 10 2 2 2 2 2 10 2 2 2
left_child=-1 -2 3 -3 -5 6 -6 -7 9 10 -4 -12 -10 -9
right_child=1 2 8 4 5 7 -8 13 12 -11 11 -13 -14 -15
leaf_value=0.070841434664511843 -0.00021710907301532482 -0.00077869556086372811 -0.00062346209703482698 0.0016732771471293986 -0.0009258340064613312 0.0021485394734169533 -1.5120472980543451e-05 0.00015741762559279456 0.00074122294672421621 -0.0010171223829471047 -0.00082212012773118812 0.0013823350761243271 0.0011226829450626421 -0.00037475862516119819
leaf_weight=119 20 32 30 44 22 36 34 20 21 26 39 71 85 24
leaf_count=119 20 32 30 44 22 36 34 20 21 26 39 71 85 24
internal_value=0.00119231 -0.000403883 6.59797e-05 -0.00292958 -0.00132597 -0.00373723 -0.010386 0.000987655 0.00240293 -0.000191616 0.00170213 0.00432432 0.00642991 -0.00462222
internal_weight=623 504 484 212 180 136 56 80 272 166 140 110 106 44
internal_count=623 504 484 212 180 136 56 80 272 166 140 110 106 44
cat_boundaries=0 1
cat_threshold=8
is_linear=0
shrinkage=0.08


Tree=52
num_leaves=15
num_cat=1
split_feature=19 15 18 5 2 10 7 13 12 12 13 13 16 17
split_gain=1.11239 0.670667 0.919274 0.828654 0.700753 0.630773 0.746014 1.29346 1.75081 0.465676 0.331542 0.609195 0.2933 0.103836
threshold=0 0.72550000000000014 0.83800000000000008 2.9451500000000004 277.50000000000006 17.763950000000005 0.13405000000000003 0.48550000000000004 4.8080500000000006 4.9148000000000005 0.58950000000000002 0.54550000000000021 -0.0076499999999999997 0.39570000000000005
decision_type=1 10 2 2 2 2 2 10 2 2 10 10 10 10
left_child=5 2 3 -2 9 -1 7 -7 -9 -4 11 -3 -8 -14
right_child=1 10 4 -5 -6 6 12 8 -10 -11 -12 -13 13 -15
leaf_value=0.020332233210226432 -0.00077501199561899776 0.00035406779040544423 -0.00037513813131467502 -0.0020921360632709684 -0.00019169014667054377 0.0069307604833694341 -0.00050228275199881321 0.014985253494056839 -0.0015601335858086405 0.0009004484318171532 0.0021043471801577038 -0.00041840374197357744 0.00093781006706584449 0.01080212987468486
leaf_weight=147 30 22 20 22 38 34 20 24 32 54 40 26 28 86
leaf_count=147 30 22 20 22 38 34 20 24 32 54 40 26 28 86
internal_value=0.0010641 -0.00298099 -0.00610909 -0.0147925 -0.0019823 0.00379058 0.00120889 -0.0043956 -0.0117895 0.00256 0.00251685 -0.00195918 0.00497778 0.00653913
internal_weight=623 252 164 52 112 371 224 90 56 74 88 48 134 114
internal_count=623 252 164 52 112 371 224 90 56 74 88 48 134 114
cat_boundaries=0 1
cat_threshold=25
is_linear=0
shrinkage=0.08


Tree=53
num_leaves=15
num_cat=1
split_feature=10 19 15 18 18 5 11 10 5 14 16 17 15 15
split_gain=1.11287 0.517772 0.632311 1.19005 0.440645 0.450875 0.961086 0.721063 0.45754 0.739716 0.426989 0.397717 0.262533 0.167815
threshold=14.151400000000001 0 0.68800000000000006 0.89950000000000008 1.3035000000000003 2.6739000000000002 70.40000000000002 16.477100000000004 3.1400500000000005 0.7400000000000001 -0.0012949999999999997 0.56550000000000011 0.75850000000000006 0.72550000000000014
decision_type=2 1 10 2 2 2 2 2 2 8 10 10 10 10
left_child=-1 2 3 -2 5 6 7 -3 -7 -10 -9 -11 13 -4
right_child=1 4 12 -5 -6 8 -8 10 9 11 -12 -13 -14 -15
leaf_value=0.063379972625144998 -0.0014974565298678378 -0.00013146038976846592 -9.797190514994388e-06 -0.0001586822839347438 0.0020905061990114733 0.002475216965323605 -0.00060549376943322799 -0.00033013479175627566 -0.0014996068707095317 0.001304807632326451 0.0068701399679688005 -0.00083412326541845152 -0.00033796625069929843 0.00046985814204335595
leaf_weight=117 20 22 25 37 49 79 24 43 21 66 47 29 20 24
leaf_count=117 20 22 25 37 49 79 24 43 21 66 47 29 20 24
internal_value=0.000935898 -0.00069428 -0.00490511 -0.0114483 0.000818415 -0.000216867 -0.00373723 -0.000566371 0.0022449 -0.000957265 0.00263736 0.00208333 -0.000114285 0.00304
internal_weight=623 506 126 57 380 331 136 112 195 116 90 95 69 49
internal_count=623 506 126 57 380 331 136 112 195 116 90 95 69 49
cat_boundaries=0 1
cat_threshold=2
is_linear=0
shrinkage=0.08


Tree=54
num_leaves=15
num_cat=1
split_feature=19 8 7 7 10 15 6 9 7 10 12 7 8 14
split_gain=1.05814 0.550045 0.465926 0.549554 0.543028 0.519484 0.541027 0.460026 0.312631 0.303987 0.419336 0.261505 0.259876 0.125511
threshold=0 27.820000000000004 0.14110000000000003 0.16005000000000003 16.844750000000001 0.72550000000000014 47.100000000000009 38.250000000000007 0.087550000000000017 17.763950000000005 5.1750500000000015 0.11495000000000001 28.300000000000001 0.68100000000000016
decision_type=1 2 2 2 2 10 2 2 2 2 2 2 2 10
left_child=9 7 8 -4 5 6 -5 -2 -3 -1 11 -11 -10 -6
right_child=1 2 3 4 13 -7 -8 -9 12 10 -12 -13 -14 -15
leaf_value=0.034889885664279148 -0.0015726706728048912 -7.5067552849283068e-05 -0.00065101138720996706 -0.00042433694009697253 0.0010054831820074731 0.00050194818851177184 3.9484747527526089e-05 -0.00031844563164976298 0.00067184798846834401 -0.00086004987988516494 -0.0004188570977299994 0.0047080907960714118 -0.00032317107539598164 0.007468986776948741
leaf_weight=133 21 24 36 28 20 32 20 36 102 24 28 60 21 38
leaf_count=133 21 24 36 28 20 32 20 36 102 24 28 60 21 38
internal_value=0.00119231 -0.00148072 -0.000223602 -0.00301714 -0.000690647 -0.00493827 -0.0101224 -0.00868965 0.00308108 0.00515625 0.00226549 0.00508235 0.00470968 0.00515254
internal_weight=623 378 321 174 138 80 48 57 147 245 112 84 123 58
internal_count=623 378 321 174 138 80 48 57 147 245 112 84 123 58
cat_boundaries=0 1
cat_threshold=24
is_linear=0
shrinkage=0.08


Tree=55
num_leaves=15
num_cat=0
split_feature=10 14 13 13 10 10 6 17 3 10 15 17 11 11
split_gain=1.07248 0.415709 0.855744 0.572915 0.532948 0.507628 0.446915 0.43311 0.590878 1.25972 0.559989 0.399994 0.363784 0.273593
threshold=14.151400000000001 0.71350000000000013 0.54350000000000021 0.47750000000000004 17.740450000000006 17.792200000000005 35.550000000000004 0.55280000000000007 6.9000000000000012 15.944700000000003 0.72550000000000014 0.49910000000000004 63.935000000000009 63.665000000000013
decision_type=2 8 8 10 2 2 2 8 2 2 8 10 2 2
left_child=-1 12 3 -3 6 7 -5 11 9 -9 -10 -4 -2 -7
right_child=1 2 5 4 -6 13 -8 8 10 -11 -12 -13 -14 -15
leaf_value=0.055518383961991068 -0.00037597020318888948 0.00011882067682343622 -6.3145439597120051e-05 4.1255658631101247e-05 -0.0013837193281709653 -9.1396437796116868e-05 -0.00096657029303918768 0.0001927419000636827 -0.00039227107280781216 -0.0014248330519650711 0.0021096998300395874 0.00062201447719304446 0.00097706292427108383 0.0067441062369542198
leaf_weight=117 37 28 24 20 36 20 28 22 30 20 28 39 76 98
leaf_count=117 37 28 24 20 36 20 28 22 30 20 28 39 76 98
internal_value=0.0010641 -0.000536489 -0.0017665 -0.00764602 -0.0109176 0.000595745 -0.00522449 -0.00229268 -0.00554455 -0.0126512 -0.000271186 0.002875 0.0037193 0.00457143
internal_weight=623 506 393 112 84 281 48 163 100 42 58 63 113 118
internal_count=623 506 393 112 84 281 48 163 100 42 58 63 113 118
is_linear=0
shrinkage=0.08


Tree=56
num_leaves=15
num_cat=0
split_feature=10 9 6 6 10 8 16 6 15 17 17 13 9 6
split_gain=1.23846 0.677634 0.403661 0.360074 0.735301 0.783001 0.850473 0.642657 0.543777 0.531995 1.01031 0.661562 0.444265 0.310693
threshold=14.151400000000001 34.70000000000001 65.90000000000002 56.800000000000004 18.370800000000003 28.275000000000002 -0.007154999999999999 19.850000000000005 0.65500000000000014 0.57230000000000014 0.55910000000000015 0.55300000000000016 41.050000000000004 99.90000000000002
decision_type=2 2 2 2 2 2 10 2 10 8 8 10 2 2
left_child=-1 -2 3 4 5 7 -7 -3 -9 10 11 -10 -8 -4
right_child=1 2 13 -5 -6 6 12 8 9 -11 -12 -13 -14 -15
leaf_value=0.051076913245031767 -0.0023526476585818295 0.00082603181448515724 0.002734264954511078 -0.00071265312644754649 0.0047534948823257962 -0.0011641702327963856 -0.00033054370244432432 0.0009478922342058847 -0.0009366604431599217 0.0015872585980134138 -0.0013166030354577697 0.00023597671944607893 0.00015575627852942552 3.5346010500292813e-06
leaf_weight=117 20 52 56 37 52 20 22 40 36 28 32 36 43 32
leaf_count=117 20 52 56 37 52 20 22 40 36 28 32 36 43 32
internal_value=0.000551282 -0.00116765 -0.000558521 -0.00164411 -0.000861878 -0.00234839 -0.00883721 0.000142223 -0.00221965 -0.00469173 -0.00731429 -0.0019726 -0.00424242 0.00431461
internal_weight=623 506 486 398 361 309 85 224 172 132 104 72 65 88
internal_count=623 506 486 398 361 309 85 224 172 132 104 72 65 88
is_linear=0
shrinkage=0.08


Tree=57
num_leaves=15
num_cat=1
split_feature=19 6 18 12 17 7 15 12 2 15 12 6 12 14
split_gain=1.04499 0.42887 0.416118 0.42361 0.550853 0.39316 0.795105 0.648913 0.703954 0.587923 0.400216 0.310693 0.305219 0.274019
threshold=0 65.90000000000002 1.2475000000000003 4.6452500000000008 0.56695000000000018 0.15050000000000002 0.54050000000000009 5.1208500000000008 277.50000000000006 0.59950000000000003 5.3046500000000014 99.90000000000002 4.8381500000000006 0.79550000000000021
decision_type=1 2 2 2 10 2 10 2 2 10 2 2 2 10
left_child=-1 2 3 -2 5 6 -5 8 -8 10 -7 -3 -4 -10
right_child=1 11 12 4 -6 9 7 -9 13 -11 -12 -13 -14 -15
leaf_value=0.047158328794817024 0.0018372249444704892 0.0025155237581501928 -0.00023024164888794731 0.0010054667262585153 -0.0012105552142453288 -0.00052190728624198503 0.00028128972704777777 -0.00085779410586195651 -0.0012464817760265909 0.00047385396263502491 0.00037480238045811454 3.2518329660280977e-06 0.00074347986237880011 -0.00019978849857825166
leaf_weight=119 33 56 27 32 23 20 29 33 26 84 21 32 57 31
leaf_count=119 33 56 27 32 23 20 29 33 26 84 21 32 57 31
internal_value=0.000935898 -0.000714563 -0.00180336 -0.00307507 -0.00402667 -0.00300361 -0.00573684 -0.00873333 -0.00496552 0.000317461 -0.00742857 0.00431461 0.0032 -0.010069
internal_weight=623 504 416 332 299 276 151 119 86 125 41 88 84 57
internal_count=623 504 416 332 299 276 151 119 86 125 41 88 84 57
cat_boundaries=0 1
cat_threshold=8
is_linear=0
shrinkage=0.08


Tree=58
num_leaves=15
num_cat=1
split_feature=10 19 5 13 5 6 15 8 13 13 10 16 18 11
split_gain=1.15399 0.48054 0.803895 1.1156 0.486911 0.641997 0.474276 0.418143 0.381595 0.42959 0.343786 0.292666 0.277299 0.122263
threshold=14.151400000000001 0 2.0227500000000003 0.47850000000000004 3.7700000000000005 46.400000000000013 0.67300000000000015 28.275000000000002 0.54550000000000021 0.58850000000000013 18.241950000000006 -0.0065049999999999995 0.68000000000000016 73.90000000000002
decision_type=2 1 2 10 2 2 10 2 10 10 2 8 2 2
left_child=-1 6 3 -3 11 -6 7 -2 -8 -10 -5 -4 -13 -14
right_child=1 2 4 10 5 -7 8 -9 9 -11 -12 12 13 -15
leaf_value=0.043218093881843854 -0.00094538599962875475 0.00089035826668075642 -0.0005245163246114453 -7.795213954112738e-05 -0.0011215674661690751 0.0060009760424806083 0.00010496226867718953 -0.00045761600349853457 -0.00019001488007343087 0.00058176291754851914 -0.00085727073133718356 -0.00010981296556939458 0.001207040748453751 0.00072709946304587588
leaf_weight=117 26 28 27 20 39 30 21 23 22 34 20 20 176 20
leaf_count=117 26 28 27 20 39 30 21 23 22 34 20 20 176 20
internal_value=0.000807693 -0.000852071 0.000613811 -0.00718841 0.00235144 -0.00354286 -0.00490511 -0.01136 -0.00133333 -0.00477193 -0.0156098 0.00403279 0.00501383 0.00592893
internal_weight=623 506 380 68 312 69 126 49 77 56 40 243 216 196
internal_count=623 506 380 68 312 69 126 49 77 56 40 243 216 196
cat_boundaries=0 1
cat_threshold=2
is_linear=0
shrinkage=0.08


Tree=59
num_leaves=15
num_cat=1
split_feature=19 18 16 14 14 13 12 14 18 7 17 6 11 8
split_gain=1.12887 0.524975 0.52908 0.499276 0.661837 0.628422 0.783415 0.502796 0.437976 0.394342 0.327784 0.380914 0.317005 0.26672
threshold=0 1.2050000000000003 -0.0060349999999999996 0.71350000000000013 0.74650000000000005 0.59700000000000009 4.9865000000000004 0.72950000000000015 0.94850000000000001 0.087550000000000017 0.46105000000000007 48.600000000000001 63.935000000000009 27.855000000000004
decision_type=1 2 10 8 8 10 2 10 2 2 10 2 2 2
left_child=-1 3 -3 12 7 6 9 -5 -8 -6 -11 -12 -2 -7
right_child=1 2 -4 4 5 13 8 -9 -10 10 11 -13 -14 -15
leaf_value=0.039928214980684128 -0.0003780255860772329 -0.00060682246520520511 0.0009772655447662492 -0.00020394220587603845 -0.0010422391829365315 -0.00025340048978849587 -0.00023909207335761951 -0.00090451243189391907 -0.00044242177884822948 0.0011883635813086284 -0.00050910895452614062 0.0068011144273114046 0.000614698655958696 0.0093516026781890766
leaf_weight=119 26 28 96 27 21 22 34 29 25 46 27 23 55 45
leaf_count=119 26 28 96 27 21 22 34 29 25 46 27 23 55 45
internal_value=0.000679487 -0.00102524 0.003456 -0.00251968 -0.00402667 -0.00219672 -0.00470056 -0.0117895 -0.0121333 -0.000881356 0.00131959 -0.00313725 0.00302439 0.00435294
internal_weight=623 504 124 380 299 243 176 56 59 117 96 50 81 67
internal_count=623 504 124 380 299 243 176 56 59 117 96 50 81 67
cat_boundaries=0 1
cat_threshold=8
is_linear=0
shrinkage=0.08


end of trees

feature_importances:
gdd_per_day=80
rainfall_mm_per_day=68
ndvi_slope_30d=58
area_ha=57
rainfall_last30_mm=54
dry_spell_frac=48
crop=45
ndvi_p90=44
ndvi_max=41
temp_max_c=40
temp_mean_c=38
ndvi_mean=35
humidity_mean_pct=32
et0_mm_per_day=29
ndvi_auc_per_day=24
n_kg_ha=10
k_kg_ha=7
p_kg_ha=5
ph=5
oc_pct=1

parameters:
[boosting: gbdt]
[objective: quantile]
[metric: quantile]
[tree_learner: serial]
[device_type: cpu]
[data_sample_strategy: bagging]
[data: ]
[valid: ]
[num_iterations: 60]
[learning_rate: 0.08]
[num_leaves: 15]
[num_threads: 10]
[seed: 42]
[deterministic: 0]
[force_col_wise: 0]
[force_row_wise: 0]
[histogram_pool_size: -1]
[max_depth: -1]
[min_data_in_leaf: 20]
[min_sum_hessian_in_leaf: 0.001]
[bagging_fraction: 0.8]
[pos_bagging_fraction: 1]
[neg_bagging_fraction: 1]
[bagging_freq: 0]
[bagging_seed: 400]
[bagging_by_query: 0]
[feature_fraction: 0.8]
[feature_fraction_bynode: 1]
[feature_fraction_seed: 30056]
[extra_trees: 0]
[extra_seed: 12879]
[early_stopping_round: 0]
[early_stopping_min_delta: 0]
[first_metric_only: 0]
[max_delta_step: 0]
[lambda_l1: 0]
[lambda_l2: 1]
[linear_lambda: 0]
[min_gain_to_split: 0]
[drop_rate: 0.1]
[max_drop: 50]
[skip_drop: 0.5]
[xgboost_dart_mode: 0]
[uniform_drop: 0]
[drop_seed: 17869]
[top_rate: 0.2]
[other_rate: 0.1]
[min_data_per_group: 100]
[max_cat_threshold: 32]
[cat_l2: 10]
[cat_smooth: 10]
[max_cat_to_onehot: 4]
[top_k: 20]
[monotone_constraints: ]
[monotone_constraints_method: basic]
[monotone_penalty: 0]
[feature_contri: ]
[forcedsplits_filename: ]
[refit_decay_rate: 0.9]
[cegb_tradeoff: 1]
[cegb_penalty_split: 0]
[cegb_penalty_feature_lazy: ]
[cegb_penalty_feature_coupled: ]
[path_smooth: 0]
[interaction_constraints: ]
[verbosity: -1]
[saved_feature_importance_type: 0]
[use_quantized_grad: 0]
[num_grad_quant_bins: 4]
[quant_train_renew_leaf: 0]
[stochastic_rounding: 1]
[linear_tree: 0]
[max_bin: 255]
[max_bin_by_feature: ]
[min_data_in_bin: 3]
[bin_construct_sample_cnt: 200000]
[data_random_seed: 175]
[is_enable_sparse: 1]
[enable_bundle: 1]
[use_missing: 1]
[zero_as_missing: 0]
[feature_pre_filter: 1]
[pre_partition: 0]
[two_round: 0]
[header: 0]
[label_column: ]
[weight_column: ]
[group_column: ]
[ignore_column: ]
[categorical_feature: 19,20,21]
[forcedbins_filename: ]
[precise_float_parser: 0]
[parser_config_file: ]
[objective_seed: 16083]
[num_class: 1]
[is_unbalance: 0]
[scale_pos_weight: 1]
[sigmoid: 1]
[boost_from_average: 1]
[reg_sqrt: 0]
[alpha: 0.1]
[fair_c: 1]
[poisson_max_delta_step: 0.7]
[tweedie_variance_power: 1.5]
[lambdarank_truncation_level: 30]
[lambdarank_norm: 1]
[label_gain: ]
[lambdarank_position_bias_regularization: 0]
[eval_at: ]
[multi_error_top_k: 1]
[auc_mu_weights: ]
[num_machines: 1]
[local_listen_port: 12400]
[time_out: 120]
[machine_list_filename: ]
[machines: ]
[gpu_platform_id: -1]
[gpu_device_id: -1]
[gpu_device_id_list: ]
[gpu_use_dp: 0]
[num_gpu: 1]

end of parameters

pandas_categorical:[["paddy", "black_gram", "groundnut", "sugarcane", "maize"], ["Thanjavur", "Tiruvarur", "Nagapattinam", "Tiruchirappalli", "Madurai"], ["whole_year", "kharif", "rabi", "kuruvai", "samba"]]
