tree
version=v4
num_class=1
num_tree_per_iteration=1
label_index=0
max_feature_idx=21
objective=regression_l1
feature_names=n_kg_ha p_kg_ha k_kg_ha ph oc_pct rainfall_mm_per_day rainfall_last30_mm dry_spell_frac temp_mean_c temp_max_c gdd_per_day humidity_mean_pct et0_mm_per_day ndvi_mean ndvi_max ndvi_p90 ndvi_slope_30d ndvi_auc_per_day area_ha crop district season
feature_infos=[240:310] [12:26] [200:310] [6.4000000000000004:7.5999999999999996] [0.47999999999999998:0.62] [1.2282:4.8162000000000003] [8.1999999999999993:143] [0.071199999999999999:0.36709999999999998] [27.359999999999999:29.32] [34.299999999999997:42.700000000000003] [12.3584:19.3247] [58.43:76.099999999999994] [4.3758999999999997:5.7569999999999997] [0.314:0.66800000000000004] [0.50800000000000001:0.96899999999999997] [0.40000000000000002:0.82399999999999995] [-0.012409999999999999:0.011469999999999999] [0.098400000000000001:0.64329999999999998] [0.59999999999999998:1.3999999999999999] -1:0:1:2:4:3 -1:0:1:3:2:4 none
tree_sizes=1357 1408 1416 1414 1426 1415 1421 1427 1420 1412 1402 1427 1410 1431 1407 1432 1441 1429 1436 1445 1438 1424 1402 1454 1436 1432 1427 1421 1414 1448 1445 1449 1423 1425 1436 1442 1460 1429 1412 1418 1456 1451 1416 1436 1443 1429 1465 1437 1405 1453 1415 1440 1434 1455 1425 1444 1438 1436 1431 1457

Tree=0
num_leaves=15
num_cat=1
split_feature=19 10 9 12 14 16 7 14 11 10 14 5 16 11
split_gain=235.666 44.659 33.4621 11.2096 12.2173 6.80697 6.12835 5.86659 3.061 2.82081 1.56328 1.56156 0.846326 0.343094
threshold=0 17.529350000000004 37.050000000000004 5.1208500000000008 0.70700000000000007 -0.0015299999999999999 0.12740000000000004 0.77150000000000019 68.885000000000019 16.287600000000001 0.81150000000000022 3.6157500000000007 0.00075000000000000012 71.015000000000001
decision_type=1 2 2 2 8 8 2 10 2 2 10 2 10 2
left_child=1 -1 6 5 -5 8 -3 11 -4 10 -9 12 -2 -7
right_child=7 2 3 4 -6 13 -8 9 -10 -11 -12 -13 -14 -15
leaf_value=1.5075898170471191 1.1906426310539246 1.201649444103241 1.2604241371154785 1.2485905885696411 1.2324694776535035 1.2561791133880615 1.2370885086059571 1.1914892244338988 1.2400940084457397 1.195884988307953 1.1959432744979859 1.1864775621891022 1.1971207714080812 1.2475622510910034
leaf_weight=127 98 28 28 32 28 48 38 32 22 32 38 20 32 20
leaf_count=127 98 28 28 32 28 48 38 32 22 32 38 20 32 20
internal_value=1.23825 1.27837 1.25927 1.27726 1.24887 1.29148 1.21091 1.17997 1.26818 1.19333 1.18429 1.16738 1.16387 1.30794
internal_weight=623 371 244 178 60 118 66 252 50 102 70 150 130 68
internal_count=623 371 244 178 60 118 66 252 50 102 70 150 130 68
cat_boundaries=0 1
cat_threshold=25
is_linear=0
shrinkage=1


Tree=1
num_leaves=15
num_cat=0
split_feature=7 13 15 9 5 6 8 14 13 11 6 16 15 7
split_gain=9.62408 8.66006 9.12441 8.35834 9.07042 6.35391 4.36429 3.44594 4.05485 3.35767 3.3369 3.20401 3.94903 1.82655
threshold=0.08210000000000002 0.51850000000000007 0.65000000000000013 40.050000000000004 2.7082000000000002 19.550000000000001 28.135000000000002 0.56500000000000006 0.48000000000000004 62.905000000000008 34.600000000000001 -0.00067499999999999993 0.74050000000000005 0.13405000000000003
decision_type=2 10 8 2 2 2 2 10 10 2 2 10 10 2
left_child=-1 2 7 5 9 -3 -4 -2 -9 -5 -8 12 -7 -13
right_child=1 3 6 4 -6 11 10 8 -10 -11 -12 13 -14 -15
leaf_value=-0.026572857189178459 -0.012939929962158203 0.018548970794677731 -0.007528698730468744 -0.013990933036804201 0.018577640914916992 0.0033000079631805425 -0.027013746261596687 0.0061822538375854476 -0.010812138748168944 0.0079724868774414051 -0.013420699310302738 -0.029689017963409423 -0.013704032325744632 -0.0013006835937500051
leaf_weight=34 30 20 34 30 75 70 32 100 20 75 33 25 20 25
leaf_count=34 30 20 34 30 75 70 32 100 20 75 33 25 20 25
internal_value=-0.000384615 0.0020339 -0.00928 0.0103226 0.0220994 -0.00298137 -0.028 0.00317881 0.0092562 0.00679245 -0.04 -0.00907801 0 -0.025098
internal_weight=623 589 249 340 180 160 99 150 120 105 65 140 90 50
internal_count=623 589 249 340 180 160 99 150 120 105 65 140 90 50
is_linear=0
shrinkage=0.08


Tree=2
num_leaves=15
num_cat=1
split_feature=19 10 0 14 11 16 6 6 9 12 5 9 9 11
split_gain=205.193 47.087 28.5544 10.1415 9.47381 9.39487 5.40504 8.7911 5.13975 2.95567 2.41239 4.52695 2.85563 0.554445
threshold=0 17.341550000000002 260.00000000000006 0.75800000000000012 64.955000000000013 -0.00087999999999999992 19.550000000000001 35.550000000000004 40.150000000000013 4.827700000000001 2.7082000000000002 40.150000000000013 36.850000000000001 68.63000000000001
decision_type=1 2 2 10 2 10 2 2 2 2 2 2 2 2
left_child=1 -1 6 -2 5 -4 -3 -8 -6 -9 -5 12 -12 -10
right_child=3 2 4 10 8 -7 7 9 13 -11 11 -13 -14 -15
leaf_value=0.24825824256896972 -0.041374436241149913 0.0094028939743041919 -0.00080596242523193421 -0.041307221946716315 0.0033975079231262128 0.01534168522644043 -0.024169119117736813 0.003294418853759762 0.018467151016235351 -0.0084093255004882832 -0.044949280538558962 -0.032606490856170664 -0.043561225700378417 0.014419897010803222
leaf_weight=119 126 20 38 38 24 26 36 20 40 28 30 28 30 20
leaf_count=119 126 20 38 38 24 26 36 20 40 28 30 28 30 20
internal_value=-0.000384615 0.0370681 0.0183399 -0.0547529 0.0408054 0.0172308 -0.0137143 -0.0225882 0.0583529 0 -0.040315 -0.0323596 -0.0445902 0.0708197
internal_weight=623 371 252 252 148 64 104 84 84 48 126 88 60 60
internal_count=623 371 252 252 148 64 104 84 84 48 126 88 60 60
cat_boundaries=0 1
cat_threshold=25
is_linear=0
shrinkage=0.08


Tree=3
num_leaves=15
num_cat=2
split_feature=19 19 10 9 16 9 5 10 14 13 6 5 7 8
split_gain=190.337 49.2597 18.2094 15.3767 14.9636 12.6834 9.40288 8.11356 9.03267 5.74598 6.41747 5.73178 3.45356 2.81427
threshold=0 1 17.341550000000002 36.70000000000001 2.5000000000000005e-05 39.750000000000007 2.4920500000000003 17.763950000000005 0.74650000000000005 0.58850000000000013 30.000000000000004 2.5664500000000001 0.16005000000000003 27.820000000000004
decision_type=1 1 2 2 10 2 2 2 10 8 2 2 2 2
left_child=2 4 -1 -4 7 -6 -7 8 -2 10 -9 12 -5 -10
right_child=1 -3 3 11 5 6 -8 9 13 -11 -12 -13 -14 -15
leaf_value=0.22839758316345216 -0.020082324887771605 -0.064222716320037856 -0.0079055215685272275 0.0016617098126220677 -0.011212405386047371 0.00023170788619993664 0.012152135716552737 -0.0092870205798339898 -0.012154901946563736 0.0086986042853546136 0.0013778999096679635 0.017709567874755854 0.016735225339965815 -0.0047443720512390184
leaf_weight=119 44 126 28 21 20 28 32 21 21 26 29 55 22 31
leaf_count=119 44 126 28 21 20 28 32 21 21 26 29 55 22 31
internal_value=0.00115385 -0.0341388 0.0546875 0.0352756 -0.0121673 0.0158025 0.0340984 -0.025896 -0.0412371 -0.00623377 -0.0219608 0.050101 0.0272727 -0.0181132
internal_weight=623 378 245 126 252 80 60 172 96 76 50 98 43 52
internal_count=623 378 245 126 252 80 60 172 96 76 50 98 43 52
cat_boundaries=0 1 2
cat_threshold=24 5
is_linear=0
shrinkage=0.08


Tree=4
num_leaves=15
num_cat=2
split_feature=19 10 0 19 14 15 14 16 10 8 8 14 8 8
split_gain=185.624 49.0797 23.7983 17.2018 15.6568 11.2411 8.86961 7.14231 6.9423 10.8719 6.48398 5.65539 4.04011 3.71718
threshold=0 17.341550000000002 260.00000000000006 1 0.77150000000000019 0.72450000000000003 0.72750000000000015 -0.0021499999999999996 17.829300000000003 28.085000000000004 28.365000000000006 0.78650000000000009 28.200000000000006 28.125000000000004
decision_type=1 2 2 1 10 10 8 10 2 2 2 8 2 2
left_child=1 -1 8 4 10 6 7 -4 -3 11 -2 -10 -8 -6
right_child=3 2 5 -5 13 -7 12 -9 9 -11 -12 -13 -14 -15
leaf_value=0.21012577651037595 -0.016485862317236349 -0.018921762024163825 0.00093519678938597478 -0.059084899014434818 -0.0059683682658569293 0.017522749666369634 0.0051739290419128281 0.012719939576708984 -0.004339981175619503 -0.013951541360717785 -0.0022147142595276038 0.0092191700889495826 -0.0012790861366729711 0.010857254409399407
leaf_weight=119 50 20 22 126 30 44 22 36 22 36 25 26 24 21
leaf_count=119 50 20 22 126 30 44 22 36 22 36 25 26 24 21
internal_value=0.000641026 0.0362304 0.0170751 -0.0511027 -0.0245255 0.0375839 0.0228571 0.0433898 -0.0121905 -0.00188235 -0.0494737 0.0228571 -0.00340426 0.00769231
internal_weight=623 371 252 252 126 148 104 58 104 84 75 48 46 51
internal_count=623 371 252 252 126 148 104 58 104 84 75 48 46 51
cat_boundaries=0 1 2
cat_threshold=25 4
is_linear=0
shrinkage=0.08


Tree=5
num_leaves=15
num_cat=2
split_feature=19 10 9 19 14 11 8 5 12 8 7 8 7 8
split_gain=180.485 49.0797 22.4163 20.1151 13.4396 11.7244 10.3694 9.31468 8.41486 7.38976 6.08595 5.36338 3.71718 3.49652
threshold=0 17.341550000000002 40.150000000000013 1 0.77150000000000019 64.955000000000013 28.085000000000004 3.5741000000000005 5.1398500000000009 28.365000000000006 0.17535000000000003 27.820000000000004 0.16300000000000001 27.885000000000002
decision_type=1 2 2 1 10 2 2 2 2 2 2 2 2 2
left_child=1 -1 6 4 9 8 7 13 -4 -2 -10 -9 -6 -3
right_child=3 2 5 -5 12 -7 -8 11 10 -11 -12 -13 -14 -15
leaf_value=0.1933157143895459 -0.015166993331857439 0.010492563454653795 0.014443901604392817 -0.054358107093280039 -0.0053200173637714789 0.014258365576761235 -0.019816088834096066 -0.012943659579305305 -0.0055638362976919084 -0.0020375371187653889 0.0071637904498863493 0.00098647481846678717 0.0089234198452216706 0.00047352245677258155
leaf_weight=119 50 20 24 126 30 68 28 22 20 25 20 20 21 30
leaf_count=119 50 20 24 126 30 68 28 22 20 25 20 20 21 30
internal_value=0.00115385 0.0362304 0.0170751 -0.0498859 -0.0221898 0.0396992 -0.00793388 0.00516129 0.0147692 -0.0452632 -0.00780488 -0.0223256 0.00769231 0.0282353
internal_weight=623 371 252 252 126 132 120 92 64 75 40 42 51 50
internal_count=623 371 252 252 126 132 120 92 64 75 40 42 51 50
cat_boundaries=0 1 2
cat_threshold=25 4
is_linear=0
shrinkage=0.08


Tree=6
num_leaves=15
num_cat=2
split_feature=19 19 10 10 14 17 14 17 11 0 10 17 11 6
split_gain=184.182 51.5656 19.3064 10.3132 10.3476 8.06894 10.1219 8.70506 8.92828 6.46025 4.1001 4.00661 3.40883 3.39141
threshold=0 1 17.341550000000002 16.217500000000005 0.80550000000000022 0.49910000000000004 0.70000000000000007 0.54185000000000005 65.920000000000016 260.00000000000006 18.081950000000003 0.54370000000000018 64.915000000000006 39.650000000000006
decision_type=1 1 2 2 10 10 8 10 2 2 2 8 2 2
left_child=2 3 -1 4 11 6 13 -7 -9 -4 -8 -2 -11 -5
right_child=1 -3 9 5 -6 7 10 8 -10 12 -12 -13 -14 -15
leaf_value=0.17785045723838225 -0.010938513067426766 -0.050009458525817632 0.0065447331996740226 0.00080165970704721096 0.007079769035947656 0.0092748004690297141 -0.0074032020537730149 0.0090127217981249078 -0.0017466553780833215 0.0079866975320145531 -0.0073019576176972306 -0.015943510444822381 0.01401204474814719 -0.0016711195019841708
leaf_weight=119 27 126 52 20 21 27 36 28 21 31 26 26 43 20
leaf_count=119 27 126 52 20 21 27 36 28 21 31 26 26 43 20
internal_value=0.00141026 -0.0333162 0.0540625 -0.0109506 -0.0362667 -0.000893855 -0.015534 0.0187013 -0.0016 0.0340157 -0.0355556 -0.0548148 0.0490667 0.0156098
internal_weight=623 378 245 252 74 178 102 76 49 126 62 53 74 40
internal_count=623 378 245 252 74 178 102 76 49 126 62 53 74 40
cat_boundaries=0 1 2
cat_threshold=24 5
is_linear=0
shrinkage=0.08


Tree=7
num_leaves=15
num_cat=2
split_feature=19 19 10 9 16 16 12 10 13 14 5 6 13 18
split_gain=179.778 49.2597 22.7801 12.5542 9.36132 6.88613 6.02442 5.97543 6.01868 5.91629 5.0957 4.63045 2.91323 2.70211
threshold=0 1 17.341550000000002 36.70000000000001 2.5000000000000005e-05 0.0010550000000000002 5.1208500000000008 17.763950000000005 0.58650000000000013 0.75800000000000012 2.4920500000000003 30.000000000000004 0.57050000000000012 0.84550000000000003
decision_type=1 1 2 2 10 10 2 2 10 10 2 2 8 2
left_child=2 4 -1 -4 7 -6 13 9 11 12 -7 -9 -2 -5
right_child=1 -3 3 6 5 10 -8 8 -10 -11 -12 -13 -14 -15
leaf_value=0.16362242065931168 -0.010073496639463003 -0.04600870184375222 -0.0057653803049404042 0.010515813120745685 0.0058176200537948921 -0.01018618213015695 0.0039901953150674706 -0.0075896111633670322 0.0081221107871861792 -0.0047710574585263467 0.0045722984411653038 0.0010845086775385937 -0.021789182889931667 0.014873757269260332
leaf_weight=119 30 126 28 20 24 22 32 27 20 44 34 29 22 46
leaf_count=119 30 126 28 20 24 22 32 27 20 44 34 29 22 46
internal_value=0.000128205 -0.0341388 0.0521875 0.0302362 -0.0121673 0.00987654 0.0436364 -0.0231214 -0.00623377 -0.0362887 -0.00561404 -0.0196491 -0.0543396 0.0573134
internal_weight=623 378 245 126 252 80 98 172 76 96 56 56 52 66
internal_count=623 378 245 126 252 80 98 172 76 96 56 56 52 66
cat_boundaries=0 1 2
cat_threshold=24 5
is_linear=0
shrinkage=0.08


Tree=8
num_leaves=15
num_cat=2
split_feature=19 10 9 19 16 14 8 5 5 8 17 7 7 17
split_gain=171.817 54.2385 20.3793 20.1151 14.0866 13.4396 11.7311 11.4342 7.47764 5.34155 5.00223 3.71718 3.63393 3.51239
threshold=0 17.341550000000002 40.250000000000007 1 -0.004429999999999999 0.77150000000000019 28.055000000000003 3.6573000000000007 1.8239500000000002 27.885000000000002 0.55480000000000007 0.16300000000000001 0.13405000000000003 0.50995000000000001
decision_type=1 2 2 1 10 10 2 2 2 2 8 2 2 10
left_child=1 -1 6 5 -4 10 7 9 -6 -3 12 -7 -2 -10
right_child=3 2 4 -5 8 11 -8 -9 13 -11 -12 -13 -14 -15
leaf_value=0.15053262700656675 -0.01413235864579435 0.006431200709481253 -0.00096209173026538862 -0.042328005696252044 0.0042556872941239381 -0.0036083318783145923 -0.016445491661800444 -0.010167613644467251 0.0080218873292219692 0.00018409802674238307 -0.016129476191379812 0.007122744638460716 -0.003549505949867342 0.01364826524943367
leaf_weight=119 20 26 22 126 22 30 30 38 44 32 28 21 27 38
leaf_count=119 20 26 22 126 22 30 30 38 44 32 28 21 27 38
internal_value=-0.000128205 0.0341361 0.013913 -0.0498859 0.0365354 -0.0221898 -0.0088189 0.00494845 0.0487619 0.0271186 -0.0452632 0.00769231 -0.0283333 0.059759
internal_weight=623 371 252 252 126 126 126 96 104 58 75 51 47 82
internal_count=623 371 252 252 126 126 126 96 104 58 75 51 47 82
cat_boundaries=0 1 2
cat_threshold=25 4
is_linear=0
shrinkage=0.08


Tree=9
num_leaves=15
num_cat=3
split_feature=19 19 19 9 16 17 13 16 5 5 9 11 14 5
split_gain=166.876 44.8699 23.1354 17.5447 11.2249 10.9806 12.8381 10.0184 8.0401 6.31579 5.26666 7.25409 3.87597 7.84424
threshold=0 1 2 36.70000000000001 0.00012000000000000002 0.54370000000000018 0.51850000000000007 -0.0014649999999999997 2.0452000000000008 3.6573000000000007 40.750000000000007 70.705000000000027 0.75050000000000006 3.4215000000000004
decision_type=1 1 1 2 10 8 10 10 2 2 2 2 10 2
left_child=1 -1 4 9 5 6 -2 10 -9 -3 11 -5 -10 -14
right_child=2 3 -4 7 -6 -7 -8 8 12 -11 -12 -13 13 -15
leaf_value=0.1384900168460414 -0.0081269635992120299 -0.0005829676630070324 -0.038941765240551873 0.0099933063146686422 0.00089768066043641073 -0.015247165448804428 0.0080626548358096167 0.00036633223385019065 0.010658196623819985 -0.021171044506856508 -0.0014250024087195535 -0.00030775946742975794 0.0023441004288730929 0.012298282945016732
leaf_weight=119 31 30 126 36 39 33 23 22 30 26 36 24 28 20
leaf_count=119 31 30 126 36 39 33 23 22 30 26 36 24 28 20
internal_value=0.000384615 0.0341361 -0.0486692 0.013384 -0.019854 -0.0372727 -0.0145455 0.0251777 0.0427723 -0.0252632 0.00659794 0.0209836 0.0546835 0.0391837
internal_weight=623 371 252 252 126 87 54 196 100 56 96 60 78 48
internal_count=623 371 252 252 126 87 54 196 100 56 96 60 78 48
cat_boundaries=0 1 2 3
cat_threshold=25 8 4
is_linear=0
shrinkage=0.08


Tree=10
num_leaves=15
num_cat=3
split_feature=19 19 19 6 9 8 14 14 8 5 5 13 14 9
split_gain=170.307 46.9911 19.2717 10.1211 9.42686 8.47041 7.48335 6.08595 5.68336 6.23699 3.71528 3.2363 2.37903 1.44345
threshold=0 1 2 48.600000000000001 36.70000000000001 28.450000000000003 0.82150000000000001 0.74850000000000005 28.125000000000004 2.7324000000000006 2.7082000000000002 0.58950000000000002 0.72750000000000015 40.250000000000007
decision_type=1 1 1 2 2 2 10 8 2 2 2 8 8 2
left_child=2 3 -1 5 -4 6 11 -7 -5 -10 12 -2 -6 -12
right_child=1 -3 4 8 10 7 -8 -9 9 -11 13 -13 -14 -15
leaf_value=0.12741081549835809 -0.0096409128103850158 -0.035826424021307722 -0.0040346487690416308 -0.00083542540052662596 0.0066587845420100497 0.0030620397706778049 0.00084344995056612865 -0.00097132403093462831 -0.0026834438835075768 0.0095532793885628117 0.008577828757363886 -0.0085916463743313364 0.0024727858191494613 0.015413589043625713
leaf_weight=119 66 126 28 34 21 20 32 20 22 20 27 38 30 20
leaf_count=119 66 126 28 34 21 20 32 20 22 20 27 38 30 20
internal_value=-0.00166667 -0.0349614 0.0490625 -0.013384 0.0221898 -0.0244068 -0.0338686 0.00780488 0.0103896 0.0297674 0.0355556 -0.0441905 0.02 0.0516667
internal_weight=623 378 245 252 126 176 136 40 76 42 98 104 51 47
internal_count=623 378 245 252 126 176 136 40 76 42 98 104 51 47
cat_boundaries=0 1 2 3
cat_threshold=24 5 8
is_linear=0
shrinkage=0.08


Tree=11
num_leaves=15
num_cat=2
split_feature=19 19 10 10 17 14 9 14 9 16 5 7 12 9
split_gain=157.173 52.7325 31.9522 9.10651 9.87149 11.1477 9.74503 9.44094 8.30063 6.05807 4.32312 4.14694 5.9438 3.72245
threshold=0 1 17.341550000000002 16.217500000000005 0.49910000000000004 0.70000000000000007 40.350000000000001 0.80550000000000022 36.70000000000001 -0.00063499999999999993 2.6266000000000003 0.18195000000000003 5.1105500000000008 40.250000000000007
decision_type=1 1 2 2 10 8 2 10 2 10 2 2 2 2
left_child=2 3 -1 7 5 9 -6 -2 -4 -5 -8 12 13 -10
right_child=1 -3 8 4 6 -7 10 -9 11 -11 -12 -13 -14 -15
leaf_value=0.11721795025848945 -0.0090981381450230183 -0.032960310099603103 -0.0037118768675182957 -0.0020188026625765775 -0.00076377912843861751 -0.0060490694851946985 0.004119320475744921 0.0070604117796053958 0.0028527523515734644 0.0021205759399262635 0.0094813823033335961 0.013520189685969441 -0.0033613309370581403 0.012460942445388409
leaf_weight=119 53 126 28 20 33 62 21 21 24 20 22 30 20 24
leaf_count=119 53 126 28 20 33 62 21 21 24 20 22 30 20 24
internal_value=-0.000897436 -0.0329049 0.0478125 -0.0103422 -0.000893855 -0.0170874 0.0207792 -0.0341333 0.0214173 0.0156098 0.0454545 0.0323232 0.0208696 0.0359184
internal_weight=623 378 245 252 178 102 76 74 126 40 43 98 68 48
internal_count=623 378 245 252 178 102 76 74 126 40 43 98 68 48
cat_boundaries=0 1 2
cat_threshold=24 5
is_linear=0
shrinkage=0.08


Tree=12
num_leaves=15
num_cat=3
split_feature=19 19 19 17 8 7 7 6 9 9 13 2 6 13
split_gain=153.163 53.9087 23.7182 11.0717 11.8486 8.75147 8.22851 6.65344 6.38745 6.28761 5.36214 4.8087 3.89913 3.15883
threshold=0 1 2 0.29720000000000008 28.385000000000002 0.23530000000000004 0.15050000000000002 49.70000000000001 40.45000000000001 40.250000000000007 0.59300000000000008 277.50000000000006 35.95000000000001 0.54350000000000021
decision_type=1 1 1 10 2 2 2 2 2 2 10 2 2 10
left_child=2 3 -1 -2 7 -6 9 10 -9 12 11 -5 -4 -8
right_child=1 -3 6 4 5 -7 13 8 -10 -11 -12 -13 -14 -15
leaf_value=0.1078405142378103 -0.01592614356212602 -0.030323485291634852 -0.0099020254574557851 -0.0066942345794077434 0.00010519854159855236 0.0088830111576803095 0.0063343723240041521 -0.0010550706616749839 0.0040755560245877296 0.0065683090638615398 -0.00047904251385824995 -0.0065402582181706493 0.0026245321634475794 0.01325033142393444
leaf_weight=119 32 126 21 34 38 20 26 26 24 30 36 42 24 25
leaf_count=119 32 126 21 34 38 20 26 26 24 30 36 42 24 25
internal_value=-0.000897436 -0.0324936 0.0471875 -0.00973384 -0.00361991 0.0271186 0.0186861 -0.0147239 0.00941176 0.00315789 -0.0254867 -0.0374026 -0.0156522 0.0446154
internal_weight=623 378 245 252 220 58 126 162 50 75 112 76 45 51
internal_count=623 378 245 252 220 58 126 162 50 75 112 76 45 51
cat_boundaries=0 1 2 3
cat_threshold=24 5 8
is_linear=0
shrinkage=0.08


Tree=13
num_leaves=15
num_cat=2
split_feature=19 10 19 9 14 8 12 17 17 16 5 12 8 13
split_gain=148.253 61.8855 25.0638 19.2773 11.8689 10.722 10.595 10.3431 7.81802 6.84704 6.83292 6.47837 4.15308 3.75536
threshold=0 17.341550000000002 1 40.250000000000007 0.77150000000000019 28.035000000000004 4.8156000000000008 0.55620000000000014 0.55480000000000007 -0.0012949999999999997 3.6573000000000007 5.1398500000000009 28.265000000000004 0.51350000000000018
decision_type=1 2 1 2 10 2 2 10 8 10 2 2 2 10
left_child=1 -1 4 5 8 7 -5 10 12 11 -3 -8 -2 -11
right_child=2 3 -4 6 -6 -7 9 -9 -10 13 -12 -13 -14 -15
leaf_value=0.099213273098785457 -0.0081811700862220969 0.0060721138324437889 -0.027897606468304064 0.0098364911501674264 0.0022097841306135103 -0.012708458451075719 0.0088003057405832315 -0.005246934313208591 -0.013600028628559642 0.0058417382295174658 -0.00077914303239366765 -0.002808988579399898 0.00023624397551535558 0.0081061410922887954
leaf_weight=119 25 38 126 30 51 34 24 30 28 26 24 24 22 22
leaf_count=119 25 38 126 30 51 34 24 30 28 26 24 24 22 22
internal_value=-0.000641026 0.0312042 -0.0468441 0.00948617 -0.0175182 -0.0125984 0.0314961 0.00172043 -0.0389474 0.0181443 0.0203175 -0.00326531 -0.0183333 0.0391837
internal_weight=623 371 252 252 126 126 126 92 75 96 62 48 47 48
internal_count=623 371 252 252 126 126 126 92 75 96 62 48 47 48
cat_boundaries=0 1 2
cat_threshold=25 4
is_linear=0
shrinkage=0.08


Tree=14
num_leaves=15
num_cat=3
split_feature=19 19 19 9 16 12 14 18 11 8 17 16 6 8
split_gain=139.994 50.3988 24.6089 17.1316 10.6226 10.595 7.91864 7.02886 13.127 6.81184 8.86477 8.16406 3.66054 1.29152
threshold=0 1 2 40.250000000000007 0.00012000000000000002 4.8156000000000008 0.76950000000000018 0.82250000000000012 64.625000000000014 28.085000000000004 0.55620000000000014 -0.0029299999999999994 40.800000000000004 27.905000000000005
decision_type=1 1 1 2 10 2 10 2 2 2 10 8 2 2
left_child=1 -1 4 9 6 -5 12 -7 -9 10 11 -3 -2 -13
right_child=2 3 -4 5 -6 7 -8 8 -10 -11 -12 13 -14 -15
leaf_value=0.091276211250882616 -0.013780804128564667 -0.0020128612186875294 -0.025665797950839737 0.009049571858154035 0.00071228608593060022 -0.0011897047513543591 -0.001490217122609785 -0.00082441563177708236 0.010045114882367586 -0.014738266603224899 -0.0048271795681518979 0.0066781283339117257 -0.0039070415262573025 0.0022916516966188195
leaf_weight=119 32 26 126 30 39 22 35 27 47 28 32 20 20 20
leaf_count=119 32 26 126 30 39 22 35 27 47 28 32 20 20 20
internal_value=0.00115385 0.0320419 -0.0438023 0.0103422 -0.0151825 0.0314961 -0.0318182 0.0181443 0.0298667 -0.0100787 0 0.0167164 -0.0513208 0.0390244
internal_weight=623 371 252 252 126 126 87 96 74 126 98 66 52 40
internal_count=623 371 252 252 126 126 87 96 74 126 98 66 52 40
cat_boundaries=0 1 2 3
cat_threshold=25 8 4
is_linear=0
shrinkage=0.08


Tree=15
num_leaves=15
num_cat=2
split_feature=19 19 10 13 7 7 10 9 7 8 18 12 17 13
split_gain=146.96 46.4876 30.5505 11.075 8.81755 8.60499 8.27667 5.73653 4.27474 3.94295 5.98128 8.33333 2.32715 1.74224
threshold=0 1 17.341550000000002 0.58950000000000002 0.28140000000000004 0.15050000000000002 17.801900000000003 36.850000000000001 0.11765000000000002 27.875000000000004 1.1325000000000001 5.0389000000000008 0.41530000000000006 0.54350000000000021
decision_type=1 1 2 10 2 2 2 2 2 2 2 2 10 10
left_child=2 3 -1 4 9 7 -5 -4 -9 -2 13 -12 -7 -11
right_child=1 -3 5 6 -6 12 -8 8 -10 10 11 -13 -14 -15
leaf_value=0.083974114350811993 -1.6422908417892402e-05 -0.023612534114772554 -0.0072703695265437501 -0.0010339211387798031 0.0021109927857748722 0.0057458499497715287 0.0083806309387583332 0.0093767676846702227 -0.00089119624430372473 -0.0066260615824998764 -0.0053972212313331269 0.0021280874533754625 0.010355139271620963 -0.0010472969735064374
leaf_weight=119 32 126 20 40 22 21 26 26 29 65 21 20 30 26
leaf_count=119 32 126 20 40 22 21 26 26 29 65 21 20 30 26
internal_value=0.00141026 -0.0296144 0.0484375 -0.00851711 -0.0188235 0.0226772 0.0191045 0.00526316 0.0185714 -0.0252121 -0.0312782 -0.00571429 0.0476923 -0.0426087
internal_weight=623 378 245 252 186 126 66 75 55 164 132 41 51 91
internal_count=623 378 245 252 186 126 66 75 55 164 132 41 51 91
cat_boundaries=0 1 2
cat_threshold=24 5
is_linear=0
shrinkage=0.08


Tree=16
num_leaves=15
num_cat=1
split_feature=10 19 13 17 10 7 6 12 15 11 6 10 9 13
split_gain=135.269 68.8531 13.01 13.9808 14.0208 12.6623 13.0483 10.4757 8.66568 8.00168 6.09347 5.45068 3.08345 2.69258
threshold=14.151400000000001 0 0.64250000000000018 0.55620000000000014 17.792200000000005 0.15050000000000002 33.850000000000001 4.8352000000000013 0.65750000000000008 64.625000000000014 39.150000000000006 17.904100000000003 39.95000000000001 0.54350000000000021
decision_type=2 1 10 8 2 2 2 2 10 2 2 2 2 10
left_child=-1 -2 3 5 -5 6 8 -6 -3 -7 -8 12 -12 -11
right_child=1 2 -4 4 7 9 10 -9 -10 13 11 -13 -14 -15
leaf_value=0.077838989203601522 -0.021723531385590748 1.8932375523306177e-05 0.0076647875172836067 -0.0081241046528715971 0.011629445416729708 -0.00037868844732176222 0.0086028213373649989 -0.0038323753511012447 -0.013716783385390596 0.0035096776391385911 -0.0012158888605062312 -0.0027420153943965796 0.0059100569183082466 0.0088006289009159924
leaf_weight=117 126 21 21 47 20 24 24 26 36 39 20 26 25 51
leaf_count=117 126 21 21 47 20 24 24 26 36 39 20 26 25 51
internal_value=0.00217949 -0.0157791 0.00204604 -0.00155556 -0.0280851 0.00779026 -0.00732026 0.00340426 -0.0372414 0.0278261 0.0108333 -0.00111111 0.0156522 0.0386813
internal_weight=623 506 380 359 93 266 152 46 57 114 95 71 45 90
internal_count=623 506 380 359 93 266 152 46 57 114 95 71 45 90
cat_boundaries=0 1
cat_threshold=2
is_linear=0
shrinkage=0.08


Tree=17
num_leaves=15
num_cat=0
split_feature=15 9 6 5 13 13 14 5 6 12 16 6 8 15
split_gain=12.3175 11.6446 11.8576 6.60785 6.43895 9.17918 8.96559 5.83598 5.60893 5.2619 4.74211 3.7632 3.76118 3.43618
threshold=0.48200000000000004 40.250000000000007 19.550000000000001 4.4585000000000008 0.39400000000000007 0.54350000000000021 0.70700000000000007 2.4920500000000003 35.550000000000004 5.072750000000001 -0.0067549999999999989 36.900000000000013 28.555000000000003 0.68200000000000016
decision_type=10 2 2 2 10 10 10 2 2 2 10 2 2 10
left_child=9 2 -2 8 -3 6 12 11 13 -1 -10 -7 -6 -4
right_child=1 4 3 -5 5 7 -8 -9 10 -11 -12 -13 -14 -15
leaf_value=-0.0057704752979650473 0.016779248381873765 0.0066584932522510696 -0.0033420385455204915 0.0076383674688233864 1.2251649321459724e-05 0.0070516045159009265 -0.0054327227700499848 0.0071526717472242306 0.011044594703937314 -0.010971020642596266 -0.00091116248345542768 -0.00095889693611431962 0.0058911033058287824 -0.016491065381701493
leaf_weight=23 20 20 30 30 45 25 45 90 25 32 119 25 25 69
leaf_count=23 20 20 30 30 45 25 45 90 25 32 119 25 25 69
internal_value=0.00294872 0.00646749 -0.00462585 -0.00905109 0.0182609 0.0146875 -0.00206897 0.0283688 -0.0134426 -0.0328571 -0.00331034 0.00627451 0.0157746 -0.028
internal_weight=623 568 293 273 275 255 115 140 243 55 144 50 70 99
internal_count=623 568 293 273 275 255 115 140 243 55 144 50 70 99
is_linear=0
shrinkage=0.08


Tree=18
num_leaves=15
num_cat=1
split_feature=10 10 11 19 12 6 8 7 7 7 6 14 10 7
split_gain=133.479 58.6801 14.0181 13.4786 9.7587 9.72886 8.39276 7.37257 9.45565 8.90468 6.18052 5.35941 4.34689 4.27617
threshold=14.151400000000001 17.529350000000004 70.705000000000027 0 4.8319500000000009 45.900000000000013 28.055000000000003 0.23150000000000001 0.12465000000000002 0.15050000000000002 61.45000000000001 0.80400000000000016 16.477100000000004 0.11495000000000001
decision_type=2 2 2 1 2 2 2 2 2 2 2 10 2 2
left_child=-1 3 4 -2 -3 11 13 8 -6 -10 -7 12 -5 -4
right_child=1 2 6 5 7 10 -8 -9 9 -11 -12 -13 -14 -15
leaf_value=0.071286393721717939 -0.01992223151679386 0.0063619690243345685 -0.0049900290962155407 -0.011751008083304537 0.0051857685577753635 0.0051557904647095577 -0.0052104818376013289 0.0059865340724766635 -0.0034973101148300591 0.0076550684768483639 -0.00061868989266139712 0.0021953127384696279 -0.002125628508695643 0.0040979754961414198
leaf_weight=117 126 40 32 45 24 21 34 22 26 28 30 20 20 38
leaf_count=117 126 40 32 45 24 21 34 22 26 28 30 20 20 38
internal_value=0.00269231 -0.0151479 0.0130612 -0.0413688 0.0295035 -0.0185034 -0.00914286 0.0158416 0.00405063 -0.0145455 0.00769231 -0.0362791 -0.0472727 0.00676056
internal_weight=623 506 244 262 140 136 104 100 78 54 51 85 65 70
internal_count=623 506 244 262 140 136 104 100 78 54 51 85 65 70
cat_boundaries=0 1
cat_threshold=2
is_linear=0
shrinkage=0.08


Tree=19
num_leaves=15
num_cat=1
split_feature=10 10 19 13 15 13 14 6 13 12 14 10 11 14
split_gain=137.976 49.6827 10.5397 9.797 10.8111 13.7668 9.50303 8.40215 7.3836 9.38527 6.52513 5.41885 5.37198 3.75937
threshold=14.151400000000001 17.763950000000005 0 0.58950000000000002 0.6090000000000001 0.54250000000000009 0.76550000000000018 45.900000000000013 0.56200000000000017 4.9667500000000011 0.75800000000000012 18.081950000000003 64.810000000000016 0.84300000000000008
decision_type=2 2 1 10 8 8 10 2 8 2 10 2 2 8
left_child=-1 2 -2 4 12 11 -5 13 -7 -10 -9 -6 -3 -4
right_child=1 3 7 6 5 8 -8 10 9 -11 -12 -13 -14 -15
leaf_value=0.065583482223980485 -0.018328452995450353 0.00024426093863358036 -0.0023798049168410529 7.7323651821270548e-05 -0.00078529240805172765 0.0055237129768551793 0.010345183270873734 -0.00082250209376196533 0.004792826849025573 -0.0034805188397004816 0.0047433272275327985 -0.007388152400040076 0.0095307099038253358 -0.010139069390539266
leaf_weight=117 126 22 76 22 26 20 32 26 26 24 27 30 22 27
leaf_count=117 126 22 76 22 26 20 32 26 26 24 27 30 22 27
internal_value=0.00141026 -0.0167258 -0.0390106 0.0113778 0.00187135 -0.0100787 0.0407273 -0.0201198 0.0135211 -0.00313725 0.00444444 -0.0392982 0.0355556 -0.0346154
internal_weight=623 506 282 224 170 126 54 156 70 50 53 56 44 103
internal_count=623 506 282 224 170 126 54 156 70 50 53 56 44 103
cat_boundaries=0 1
cat_threshold=2
is_linear=0
shrinkage=0.08


Tree=20
num_leaves=15
num_cat=1
split_feature=10 10 19 14 0 14 14 9 14 13 14 9 14 7
split_gain=131.733 44.3136 10.5667 9.5191 8.86121 9.30244 8.16208 7.56295 7.53117 7.45011 5.86295 5.25198 6.39219 5.55749
threshold=15.408550000000002 17.529350000000004 0 0.66500000000000015 282.50000000000006 0.75800000000000012 0.68100000000000016 41.050000000000004 0.81150000000000022 0.54250000000000009 0.57400000000000007 36.70000000000001 0.76200000000000012 0.16300000000000001
decision_type=2 2 1 10 2 10 10 2 10 8 10 2 10 2
left_child=-1 2 3 -2 9 6 10 8 -5 -3 -6 -11 -13 -14
right_child=1 4 -4 7 5 -7 -8 -9 -10 11 -12 12 13 -15
leaf_value=0.060078495858857335 -0.0093616066467208554 -0.0042025910985900158 -0.015141861878884555 -0.004797833869669965 0.00027643302959397433 0.00991063814152425 -0.00053238330642812136 0.0017439511057743041 0.0064219787318400366 -0.006652596915045654 0.0097242645823648385 0.0054736776223645303 -0.00066853289058627758 0.0048728554967693684
leaf_weight=121 26 58 133 53 20 20 32 22 24 30 20 20 22 22
leaf_count=121 26 58 133 53 20 20 32 22 24 30 20 20 22 22
internal_value=0.00346154 -0.0146322 -0.0376834 -0.0158824 0.00979592 0.0292473 0.0153425 -0.0056 -0.0174359 -0.0020915 0.0390244 0.0117895 0.0246154 0.00711111
internal_weight=623 502 258 125 244 92 72 99 77 152 40 94 64 44
internal_count=623 502 258 125 244 92 72 99 77 152 40 94 64 44
cat_boundaries=0 1
cat_threshold=4
is_linear=0
shrinkage=0.08


Tree=21
num_leaves=15
num_cat=2
split_feature=19 10 19 9 16 16 7 11 5 5 16 6 5 11
split_gain=131.109 29.1792 22.4244 7.89557 11.3105 5.46921 7.31255 5.1813 4.901 4.24862 4.29634 8.2419 3.83955 3.8364
threshold=0 17.341550000000002 1 39.650000000000013 -0.00079499999999999992 -0.0021749999999999994 0.12740000000000004 63.425000000000004 2.6739000000000002 3.0221500000000003 -0.004429999999999999 36.45000000000001 3.6573000000000007 68.13000000000001
decision_type=1 2 1 2 10 8 2 2 2 2 10 2 2 2
left_child=1 -1 3 5 7 6 -2 -5 -6 10 -3 -12 -11 -9
right_child=2 9 -4 4 8 -7 -8 13 -10 12 11 -13 -14 -15
leaf_value=0.05553052397735346 -0.011987667962213977 -0.0019929210675206834 -0.015650827805503559 -0.0084308103536181022 0.00017306936656136251 -0.0084757980494190518 0.0051710241229110214 0.00031768657010756486 0.0042566988773758661 0.0075733598837161333 0.011663316536524552 -0.00078447406876183126 0.0014547100040690532 -0.0030677646309125797
leaf_weight=119 20 21 126 20 38 46 30 40 34 20 30 27 28 24
leaf_count=119 20 21 126 20 38 46 30 40 34 20 30 27 28 24
internal_value=0.00474359 0.0490625 -0.0246787 -0.00973384 0.00101911 -0.0280412 -0.00941176 -0.0188235 0.0241096 0.023937 0.0121519 0.0234483 0.042449 -0.00738462
internal_weight=623 245 378 252 156 96 50 84 72 126 78 57 48 64
internal_count=623 245 378 252 156 96 50 84 72 126 78 57 48 64
cat_boundaries=0 1 2
cat_threshold=24 5
is_linear=0
shrinkage=0.08


Tree=22
num_leaves=15
num_cat=0
split_feature=10 10 0 9 8 7 13 13 10 7 6 12 14 11
split_gain=120.432 41.2064 9.56215 12.5838 7.48225 12.2318 13.1987 7.16214 6.78856 7.95636 6.36789 11.3482 6.08009 5.60856
threshold=14.151400000000001 16.531500000000005 282.50000000000006 42.050000000000004 28.055000000000003 0.14770000000000003 0.5445000000000001 0.59300000000000008 18.446700000000003 0.12055000000000002 23.000000000000004 4.7952000000000004 0.76800000000000013 65.230000000000004
decision_type=2 2 2 2 2 2 10 10 2 2 2 2 10 2
left_child=-1 7 4 8 10 -6 -7 -2 9 -4 -3 -12 -9 -11
right_child=1 2 3 -5 5 6 -8 12 -10 13 11 -13 -14 -15
leaf_value=0.051088082059165173 -0.011587143434411784 0.0050202231151345164 0.0066178626245103804 -0.0056691269006847777 -0.0091906601892250122 -0.003763455009514667 0.0074400311936847971 -0.0098305604659022355 0.010198465227646968 -0.00047112114196769641 0.0027944318651657164 -0.0072157232100448264 0.00046006655124172904 0.0056294264008988739
leaf_weight=117 151 22 20 26 26 32 26 23 22 36 30 38 32 22
leaf_count=117 151 22 20 26 26 32 26 23 22 36 30 38 32 22
internal_value=0.00653846 -0.0104142 0.00850498 0.0251969 -0.00365714 -0.0207059 0 -0.0378744 0.0380198 0.0263291 0.0123077 0 -0.0128571 0.0108475
internal_weight=623 506 300 126 174 84 58 206 100 78 90 68 55 58
internal_count=623 506 300 126 174 84 58 206 100 78 90 68 55 58
is_linear=0
shrinkage=0.08


Tree=23
num_leaves=15
num_cat=1
split_feature=10 19 7 17 7 7 0 6 14 17 7 5 10 17
split_gain=112.104 45.4983 11.2597 9.00739 9.83784 8.61771 7.38701 6.8437 6.51799 8.13464 5.62263 7.05154 4.86276 4.29634
threshold=14.151400000000001 0 0.083550000000000013 0.29720000000000008 0.095900000000000013 0.25035000000000007 305.00000000000006 19.550000000000001 0.68100000000000016 0.60130000000000006 0.12740000000000004 2.6739000000000002 18.189200000000003 0.56785000000000008
decision_type=2 1 2 10 2 2 2 2 10 10 2 2 2 10
left_child=-1 6 -3 -4 -5 7 -2 -6 -9 10 -10 12 -12 -13
right_child=1 2 3 4 5 -7 -8 8 9 -11 11 13 -14 -15
leaf_value=0.047001035494431992 -0.014939051534325794 -0.0087411970099239653 -0.003475561285884048 0.0058623530578202137 0.011652957199852026 0.0055433748894866495 -0.0058512759011537119 0.0011264237241021126 -0.017159212485124704 0.0025520462574153504 -0.0017982227922982298 0.0037452019259671234 -0.0056223123620642926 -0.0025793819720262155
leaf_weight=117 100 24 49 24 30 36 26 27 30 24 34 57 24 21
leaf_count=117 100 24 49 24 30 36 26 27 30 24 34 57 24 21
internal_value=0.00910256 -0.00725838 0.00695652 0.0107563 0.0158442 0.0115493 -0.0467153 0.00612903 0.00110092 -0.00418848 -0.0105389 -0.00350365 -0.0244068 0.0121519
internal_weight=623 506 380 356 307 283 126 247 217 190 166 136 58 78
internal_count=623 506 380 356 307 283 126 247 217 190 166 136 58 78
cat_boundaries=0 1
cat_threshold=2
is_linear=0
shrinkage=0.08


Tree=24
num_leaves=15
num_cat=1
split_feature=10 19 9 5 10 17 10 17 0 17 17 14 14 14
split_gain=109.427 39.6213 11.3475 10.8786 10.3893 8.63564 8.55786 7.22717 6.44421 5.96078 5.14239 5.02892 8.50667 4.52521
threshold=14.151400000000001 0 40.250000000000007 3.2004000000000006 16.675200000000004 0.50995000000000001 18.059200000000004 0.55620000000000014 260.00000000000006 0.56550000000000011 0.57230000000000014 0.70700000000000007 0.56500000000000006 0.75800000000000012
decision_type=2 1 2 2 2 10 2 10 2 8 10 10 10 10
left_child=-1 8 6 4 -4 11 7 -3 -2 -10 -9 12 -6 -7
right_child=1 2 3 -5 5 13 -8 10 9 -11 -12 -13 -14 -15
leaf_value=0.043240952654877422 -0.017889849291027753 0.0014639415691003778 -0.00522636582301538 0.0054209395238438065 -0.0022480047075336528 0.0010242166932059771 -0.0082209908484174848 -0.0062446136586441978 -0.0042638659096266738 -0.0087832396176467497 0.00014455860780503648 -0.0012433090832665351 0.0024690883149205869 0.0053029398956238793
leaf_weight=117 52 111 40 27 24 20 30 27 50 24 21 29 29 22
leaf_count=117 52 111 40 27 24 20 30 27 50 24 21 29 29 22
internal_value=0.00858974 -0.00757396 0.0057289 0.0195833 0.0116364 0.02304 -0.008 -0.0005 -0.0443796 -0.032 -0.0261224 0.00771084 0.0222222 0.052093
internal_weight=623 506 380 191 164 124 189 159 126 74 48 82 53 42
internal_count=623 506 380 191 164 124 189 159 126 74 48 82 53 42
cat_boundaries=0 1
cat_threshold=2
is_linear=0
shrinkage=0.08


Tree=25
num_leaves=15
num_cat=2
split_feature=10 19 7 13 15 19 18 18 7 5 1 15 10 5
split_gain=109.427 39.6213 10.7234 7.45574 6.84598 6.76712 6.32523 6.3262 5.17513 7.1062 8.03683 4.62068 4.4769 4.31377
threshold=14.151400000000001 0 0.083550000000000013 0.64250000000000018 0.6090000000000001 1 1.3135000000000001 1.2265000000000004 0.25035000000000007 2.6374000000000004 16.000000000000004 0.73150000000000015 16.358350000000005 2.6739000000000002
decision_type=2 1 2 10 8 1 2 2 2 2 2 10 2 2
left_child=-1 4 -3 5 -2 6 7 8 9 -4 12 -6 -11 -7
right_child=1 2 3 -5 11 13 -8 -9 -10 10 -12 -13 -14 -15
leaf_value=0.039781676442487209 -0.0039227566368565392 -0.0074632770688475829 -0.0039550031427508878 0.0033314335671189711 -0.01357891315451863 0.00062576769279983676 0.0028351627066671094 -0.0063041114374862237 0.0025279906923747842 0.0014954196936661558 0.0015098009993172036 -0.012312739468297506 -0.0021962268352941549 0.0057631504007940038
leaf_weight=117 22 24 62 21 66 52 23 21 24 22 39 38 31 61
leaf_count=117 22 24 62 21 66 52 23 21 24 22 39 38 31 61
internal_value=0.00858974 -0.00757396 0.0057289 0.00941176 -0.0443796 0.00642857 -0.00206009 -0.0068 -0.00178771 -0.00722581 0.00688172 -0.056381 -0.0133333 0.0212903
internal_weight=623 506 380 356 126 335 222 199 178 154 92 104 53 113
internal_count=623 506 380 356 126 335 222 199 178 154 92 104 53 113
cat_boundaries=0 1 2
cat_threshold=2 5
is_linear=0
shrinkage=0.08


Tree=26
num_leaves=15
num_cat=2
split_feature=19 19 13 7 8 5 6 8 7 14 9 12 12 17
split_gain=100.519 33.6705 8.78162 7.00584 7.09093 6.6411 7.10273 7.06373 8.38628 9.99816 6.4117 4.37844 4.18595 4.65951
threshold=0 1 0.64250000000000018 0.083550000000000013 27.765000000000004 2.0227500000000003 36.45000000000001 28.530000000000005 0.19970000000000002 0.81950000000000001 40.150000000000013 4.9023000000000012 4.7288500000000004 0.50790000000000013
decision_type=1 1 10 2 2 2 2 2 2 10 2 2 2 10
left_child=-1 10 3 -3 -5 6 -6 8 9 12 -2 -10 -7 -14
right_child=1 2 -4 4 5 7 -8 -9 11 -11 -12 -13 13 -15
leaf_value=0.036599142327088219 -0.014982472113629113 -0.0068662149033397804 0.0030649188817494454 -0.0017655857567082079 0.00034062879902032608 0.0060082411201158072 -0.006929409020454305 0.0044658560014890552 0.000230100709200034 0.010584401282089919 -0.0051169193254810771 -0.0044743982252016326 0.00081078375573136793 -0.0039184782505564805
leaf_weight=119 60 24 21 30 33 24 30 39 21 24 66 21 69 42
leaf_count=119 60 24 21 30 33 24 30 39 21 24 66 21 69 42
internal_value=0.00935897 -0.00683495 0.00534704 0.0024581 0.00550898 0.00921053 -0.01375 0.0152697 0.00910891 0.0175 -0.0408759 -0.0223256 0.00882353 0.00214286
internal_weight=623 504 378 357 333 303 63 240 201 159 126 42 135 111
internal_count=623 504 378 357 333 303 63 240 201 159 126 42 135 111
cat_boundaries=0 1 2
cat_threshold=8 2
is_linear=0
shrinkage=0.08


Tree=27
num_leaves=15
num_cat=0
split_feature=10 10 9 13 10 5 17 17 17 14 13 13 17 5
split_gain=97.6468 36.6549 11.4664 11.8869 8.40883 11.0865 6.40503 5.51521 5.39352 13.0012 4.84848 4.2755 5.72228 3.70171
threshold=15.408550000000002 16.5669 40.250000000000007 0.35500000000000004 18.081950000000003 3.5480500000000004 0.31590000000000001 0.54370000000000018 0.50995000000000001 0.70700000000000007 0.56200000000000017 0.56400000000000006 0.44155000000000005 3.4896500000000006
decision_type=2 2 2 10 2 2 10 10 10 10 10 10 10 2
left_child=-1 6 4 -4 5 10 -2 11 9 -5 -3 12 -8 -9
right_child=1 2 3 8 -6 -7 7 13 -10 -11 -12 -13 -14 -15
leaf_value=0.033412903153716374 -0.01147192892305428 0.0051207540563018572 -0.005959353765216409 0.0025802407479208079 -0.0078231686614545111 -0.00096228404882025664 -0.00086212823647112467 -0.010216785215132416 0.0033475203558961386 -0.0013166388205239344 -0.00011666097394916086 0.0029748095458055302 -0.012014939508131445 -0.0017062667666626074
leaf_weight=121 24 32 22 48 28 46 64 42 60 30 22 26 34 24
leaf_count=121 24 32 22 48 28 46 64 42 60 30 22 26 34 24
internal_value=0.00858974 -0.00699801 0.0116263 0.0258385 -0.00620155 0.00475248 -0.032 -0.0268063 0.0345324 0.0202532 0.0290909 -0.01664 -0.0242424 -0.0453731
internal_weight=623 502 288 160 128 100 214 190 138 78 54 124 98 66
internal_count=623 502 288 160 128 100 214 190 138 78 54 124 98 66
is_linear=0
shrinkage=0.08


Tree=28
num_leaves=15
num_cat=0
split_feature=10 10 13 14 17 6 6 7 12 14 7 9 17 6
split_gain=87.6338 30.1982 10.2005 9.37098 8.60869 8.56804 11.3518 8.30301 7.65905 7.15416 4.8819 9.85665 4.81185 8.66167
threshold=14.151400000000001 16.5669 0.58450000000000013 0.70700000000000007 0.49810000000000004 52.100000000000001 64.40000000000002 0.16985000000000003 4.9667500000000011 0.75200000000000011 0.19290000000000004 41.650000000000013 0.31590000000000001 20.050000000000004
decision_type=2 2 10 8 8 2 2 2 2 10 2 2 10 2
left_child=-1 5 3 10 7 12 -7 -5 -6 -4 11 -3 -2 -14
right_child=1 2 9 4 8 6 -8 -9 -10 -11 -12 -13 13 -15
leaf_value=0.030998178688623812 -0.010554174609209939 0.0048296576790370161 -0.00011156074468643195 -0.006446188608091599 0.0023700813661124533 0.0033923642613544838 -0.0040952907472267984 7.3861719822785338e-05 -0.0023686586734931003 0.0047448319729653486 0.0072168266558958029 -0.0043504745826646657 0.0014234135057400721 -0.0086294733132847318
leaf_weight=117 24 24 20 42 40 20 42 24 26 68 22 22 32 100
leaf_count=117 24 24 20 42 40 20 42 24 26 68 22 22 32 100
internal_value=0.00910256 -0.00536489 0.0116263 0.00159204 -0.0108271 -0.0277626 -0.00253968 -0.0310448 0.00955224 0.0341573 0.0255072 0.0102128 -0.037707 -0.0312782
internal_weight=623 506 288 200 132 218 62 66 66 88 68 46 156 132
internal_count=623 506 288 200 132 218 62 66 66 88 68 46 156 132
is_linear=0
shrinkage=0.08


Tree=29
num_leaves=15
num_cat=1
split_feature=10 19 17 0 17 15 17 7 7 9 17 8 15 7
split_gain=80.347 33.4547 7.50364 7.48438 6.32293 13.4608 6.0691 5.59341 5.96155 4.03511 4.41761 7.85686 7.71143 6.15862
threshold=14.151400000000001 0 0.60385000000000011 260.00000000000006 0.29720000000000008 0.54050000000000009 0.56695000000000018 0.083550000000000013 0.10275000000000002 41.800000000000004 0.55280000000000007 28.265000000000004 0.72950000000000015 0.28140000000000004
decision_type=2 1 10 2 8 8 8 2 2 2 10 2 10 2
left_child=-1 3 4 -2 -3 -6 -5 -7 -9 10 11 -10 -12 -13
right_child=1 2 -4 6 5 7 -8 8 9 -11 12 13 -14 -15
leaf_value=0.028518324393533873 -0.013432281806185343 -0.0059035568816013396 0.0022196381617127958 -0.0018419698384922122 0.0069126324328003365 -0.0056815643123350459 -0.0056228334230130897 0.0018135661243416923 0.0019078686820537527 0.0025955950834608468 -0.0060751808552378782 -0.0029960772973601558 0.00082787809492902654 0.0012189722615157451
leaf_weight=117 52 22 24 51 21 24 23 24 114 25 27 51 24 24
leaf_count=117 52 22 24 51 21 24 23 24 114 25 27 51 24 24
internal_value=0.0103846 -0.0034714 0.00859335 -0.0373723 0.00582633 0.00859701 -0.0234667 0.00433121 0.00744828 0.00390977 0.0006639 0.00631579 -0.02 -0.0136842
internal_weight=623 506 380 126 356 334 74 313 289 265 240 189 51 75
internal_count=623 506 380 126 356 334 74 313 289 265 240 189 51 75
cat_boundaries=0 1
cat_threshold=2
is_linear=0
shrinkage=0.08


Tree=30
num_leaves=15
num_cat=1
split_feature=10 19 13 1 17 8 12 5 15 12 8 10 5 16
split_gain=78.8205 29.6832 9.12471 7.12999 6.52192 7.34919 11.4862 5.56237 5.47705 6.67864 6.7801 6.08818 6.3125 6.07198
threshold=15.487300000000003 0 0.58550000000000002 16.000000000000004 0.54505000000000015 28.055000000000003 4.7288500000000004 2.6739000000000002 0.54050000000000009 4.9667500000000011 28.625000000000004 18.133850000000006 2.8053500000000002 -0.0069399999999999991
decision_type=2 1 10 2 10 2 2 2 8 2 2 2 2 10
left_child=-1 3 8 -2 -4 6 -6 -7 -3 13 11 12 -11 -10
right_child=1 2 4 -5 5 7 -8 -9 9 10 -12 -13 -14 -15
leaf_value=0.025846983557960002 -0.012357699261690516 0.0025662392320932171 0.0087836949025454913 -0.003229291136630068 0.0017955357973783936 0.00043883035198629018 -0.0055891663868188517 0.0061897005485946899 0.0083509644317038053 0.0022206756724994703 0.00098953227430895294 -0.0038047237440661519 -0.0053129647056422338 5.7552321719622772e-05
leaf_weight=125 52 33 24 71 24 21 21 21 21 26 24 40 21 99
leaf_count=125 52 33 24 71 24 21 21 21 21 26 24 40 21 99
internal_value=0.0114103 -0.00288577 0.00849741 -0.0352239 0.0278571 0.0172727 -0.00521739 0.0409302 0.000603774 -0.0037931 -0.0178571 -0.0281818 -0.00833333 0.0092562
internal_weight=623 498 375 123 111 87 45 42 264 231 111 87 47 120
internal_count=623 498 375 123 111 87 45 42 264 231 111 87 47 120
cat_boundaries=0 1
cat_threshold=2
is_linear=0
shrinkage=0.08


Tree=31
num_leaves=15
num_cat=1
split_feature=19 10 0 10 15 8 18 16 18 12 9 2 11 15
split_gain=81.5752 17.8807 14.6137 19.0923 7.36322 8.59546 7.08736 5.35064 6.43978 5.31397 3.99069 5.48729 3.84049 3.61511
threshold=0 17.341550000000002 260.00000000000006 17.462250000000004 0.51550000000000018 28.675000000000004 0.76000000000000012 -0.0022199999999999998 1.0245000000000002 5.1208500000000008 36.70000000000001 300.00000000000006 64.625000000000014 0.73050000000000004
decision_type=1 2 2 2 10 2 2 8 2 2 2 2 2 10
left_child=1 -1 6 4 -4 13 -2 8 -8 10 -3 -12 -5 -6
right_child=2 9 3 12 5 -7 7 -9 -10 -11 11 -13 -14 -15
leaf_value=0.024169102017772916 -0.013535087613521268 0.0011438634980736851 -0.0090377104075232105 0.00028211949735538864 -0.0049012954937162467 0.0019484563155245738 0.0021984065931187845 -0.0052083435518787006 -0.009274269433528208 -1.2427967097288217e-05 0.0061165293890049635 0.00045029616207528992 0.0016074512305666567 0.0006269125141207388
leaf_weight=119 30 27 20 27 80 22 20 73 33 33 45 21 45 28
leaf_count=119 30 27 20 27 80 22 20 73 33 33 45 21 45 28
internal_value=0.00987179 0.0446875 -0.0135733 -0.000717489 -0.0169536 -0.00977099 -0.0326115 -0.023937 -0.00444444 0.0251969 0.0348936 0.0453731 0.0328767 -0.0190826
internal_weight=623 245 378 222 150 130 156 126 53 126 93 66 72 108
internal_count=623 245 378 222 150 130 156 126 53 126 93 66 72 108
cat_boundaries=0 1
cat_threshold=24
is_linear=0
shrinkage=0.08


Tree=32
num_leaves=15
num_cat=3
split_feature=19 19 19 0 17 17 15 8 12 15 17 17 17 7
split_gain=71.4315 15.0713 12.8218 8.02049 5.22808 4.80031 6.88882 4.07246 3.95896 3.47851 5.4997 4.49604 6.95089 3.38694
threshold=0 1 2 260.00000000000006 0.56695000000000018 0.29720000000000008 0.57500000000000007 28.450000000000003 5.1208500000000008 0.70100000000000007 0.57655000000000012 0.55910000000000015 0.49650000000000005 0.16005000000000003
decision_type=1 1 1 2 8 10 10 2 2 10 10 10 10 2
left_child=2 5 -1 -3 7 -2 -7 -5 13 -8 11 12 -11 -4
right_child=1 3 8 4 -6 6 9 -9 -10 10 -12 -13 -14 -15
leaf_value=0.02223557385635111 -0.0060183180244991917 -0.01057785356510142 0.001188721499772445 -0.0063057026556087512 -0.0045225598187443386 0.0019993165533700808 -0.00073705739344229746 0.0023539735004936978 -1.1433729729510844e-05 -0.0022786024106485228 0.0022303007697246492 -0.0038549929638541825 0.0016455164338091688 0.0049279344941765132
leaf_weight=119 32 52 63 31 23 26 70 20 33 34 22 26 42 30
leaf_count=119 32 52 63 31 23 26 70 20 33 34 22 26 42 30
internal_value=0.00961538 -0.0123393 0.0421875 -0.0338686 -0.0192 -0.000608365 0.00361991 -0.00461538 0.019854 -0.00164103 0.0064 -0.0015534 0.00831169 0.0297872
internal_weight=623 378 245 126 74 252 220 51 126 194 124 102 76 93
internal_count=623 378 245 126 74 252 220 51 126 194 124 102 76 93
cat_boundaries=0 1 2 3
cat_threshold=24 5 8
is_linear=0
shrinkage=0.08


Tree=33
num_leaves=15
num_cat=1
split_feature=10 19 9 10 17 10 18 9 6 11 6 11 6 10
split_gain=73.8467 27.4589 8.1415 8.138 9.64145 6.9415 6.45857 6.25074 5.68336 12.9105 5.14239 4.70742 4.68771 7.74164
threshold=14.151400000000001 0 40.250000000000007 18.059200000000004 0.55620000000000014 17.837900000000001 1.0390000000000004 40.150000000000013 36.45000000000001 64.810000000000016 41.20000000000001 68.63000000000001 45.900000000000013 17.829300000000003
decision_type=2 1 2 2 10 2 2 2 2 2 2 2 2 2
left_child=-1 7 3 4 12 6 -4 -2 -7 -10 -6 -11 13 -3
right_child=1 2 5 -5 10 8 -8 -9 9 11 -12 -13 -14 -15
leaf_value=0.020456725687484436 -0.0097316252798933054 -0.0012488825210263243 -0.0027018868521436093 -0.006238413685348547 -0.0044415299992677151 0.0022175216392196972 0.0012317028361965665 -0.0017842344345360538 -0.0043441767910599796 0.0035100240405408025 0.00013145198629349153 0.00031834625426709453 0.008169836606509771 0.0026557816743045938
leaf_weight=117 60 45 39 30 27 58 28 66 20 26 21 20 28 38
leaf_count=117 60 45 39 30 27 58 28 66 20 26 21 20 28 38
internal_value=0.0101282 -0.00315582 0.00777494 -0.00378947 0.0035 0.0195833 -0.00117647 -0.0338686 0.03072 0.0143284 -0.0261224 0.0374468 0.0164286 0.00666667
internal_weight=623 506 380 189 159 191 67 126 124 66 48 46 111 83
internal_count=623 506 380 189 159 191 67 126 124 66 48 46 111 83
cat_boundaries=0 1
cat_threshold=2
is_linear=0
shrinkage=0.08


Tree=34
num_leaves=15
num_cat=2
split_feature=19 19 9 13 8 8 8 14 13 8 11 18 5 16
split_gain=70.0861 22.4577 6.49392 6.18646 4.83195 3.91258 7.57867 5.11502 8.29258 8.48011 4.94332 4.23483 4.39802 4.1002
threshold=0 1 41.350000000000001 0.64000000000000012 27.640000000000004 27.875000000000004 27.820000000000004 0.67600000000000016 0.54350000000000021 28.125000000000004 72.895000000000024 1.0330000000000001 2.9979500000000008 0.00042500000000000008
decision_type=1 1 2 10 2 2 2 8 10 2 2 2 2 10
left_child=-1 2 -2 4 -3 6 -6 -7 11 10 -10 12 -9 -11
right_child=1 3 -4 -5 5 7 -8 8 9 13 -12 -13 -14 -15
leaf_value=0.018820189892844254 -0.0072344380525476582 -0.0017841372749921192 -0.00067458210558911434 0.0021116109143889928 1.9474788533369038e-06 0.00063423529993471566 0.0050218035286180478 -0.006657370332699095 -0.002217839138733755 0.0011331666093008419 0.0048981273192457309 -1.8209918350926559e-05 -0.00024142222645311408 0.0033200898638139089
leaf_weight=119 98 21 28 24 30 57 21 38 33 36 21 49 21 27
leaf_count=119 98 21 28 24 30 57 21 38 33 36 21 49 21 27
internal_value=0.00987179 -0.00372816 -0.0315328 0.00616967 0.00360563 0.00598802 0.0261538 0.00226148 -0.00318584 0.0115254 -0.0116364 -0.0190826 -0.0333333 0.03125
internal_weight=623 504 126 378 354 333 51 282 225 117 54 108 59 63
internal_count=623 504 126 378 354 333 51 282 225 117 54 108 59 63
cat_boundaries=0 1 2
cat_threshold=8 2
is_linear=0
shrinkage=0.08


Tree=35
num_leaves=15
num_cat=1
split_feature=10 19 0 9 10 5 6 10 7 10 17 17 15 17
split_gain=64.4728 17.5768 8.2311 5.28204 4.9226 6.6526 8.3919 6.66581 6.04919 4.48676 9.35598 11.0815 5.72847 4.09245
threshold=13.879300000000002 0 260.00000000000006 35.050000000000004 16.052150000000005 2.0227500000000003 36.45000000000001 18.558300000000003 0.12740000000000004 18.125900000000005 0.54675000000000007 0.5718000000000002 0.70950000000000013 0.47590000000000005
decision_type=2 1 2 2 2 2 2 2 2 2 10 10 8 10
left_child=-1 2 -2 -3 8 6 -6 9 -5 10 12 -12 -7 -11
right_child=1 3 -4 4 5 7 -8 -9 -10 13 11 -13 -14 -15
leaf_value=0.018000134679311941 -0.0083743402132980312 -0.0064189052053722408 -0.0013724727457540631 -0.0048765301978220604 0.00052987085955962247 0.00074172815739137476 -0.0043701667366431883 0.0044742809045516287 0.00098602567433998096 -0.001558790303142672 -0.0027054691677917829 0.0019033890196553215 0.0041567268861459009 0.0021974737485659815
leaf_weight=111 52 21 74 26 35 59 30 20 32 32 31 27 47 26
leaf_count=111 52 21 74 26 35 59 30 20 32 32 31 27 47 26
internal_value=0.00858974 -0.0034308 -0.0280292 0.00523929 0.00765027 0.0116883 -0.0109091 0.0177778 -0.0135593 0.0136323 0.0203636 -0.00542373 0.0343925 -0.00542373
internal_weight=623 512 126 386 365 307 65 242 58 222 164 58 106 58
internal_count=623 512 126 386 365 307 65 242 58 222 164 58 106 58
cat_boundaries=0 1
cat_threshold=2
is_linear=0
shrinkage=0.08


Tree=36
num_leaves=15
num_cat=1
split_feature=10 19 0 9 16 7 6 9 16 16 17 6 15 13
split_gain=63.2763 16.7885 7.0699 5.67886 6.12048 6.03872 4.26774 6.28167 5.30943 5.48811 4.37176 3.94589 5.0599 6.24715
threshold=13.879300000000002 0 260.00000000000006 39.750000000000007 -0.0066149999999999985 0.10805000000000002 55.600000000000001 41.050000000000004 -0.0046899999999999989 -0.0027749999999999993 0.50430000000000008 19.550000000000001 0.75100000000000011 0.55600000000000016
decision_type=2 1 2 2 8 2 2 2 10 10 10 2 10 10
left_child=-1 2 -2 4 -3 -5 8 -8 -7 -10 -11 -6 13 -13
right_child=1 3 -4 5 11 6 7 -9 9 10 -12 12 -14 -15
leaf_value=0.016560123904966986 -0.0077043929962341889 0.0064282079288052255 -0.0012626749260937408 0.0028332791676750181 0.0017841018299628076 -0.0010615703123361974 -0.0013678013480554886 0.0013000216523625773 0.0072669113605296418 2.0518564480225267e-05 0.00087475703570408573 0.00063157129627859914 -0.0064926165757817778 -0.0023023623532821792
leaf_weight=111 52 21 74 30 21 33 36 27 24 52 34 48 30 30
leaf_count=111 52 21 74 30 21 33 36 27 24 52 34 48 30 30
internal_value=0.00910256 -0.00280702 -0.0268613 0.00564232 -0.00635762 0.0135021 0.00850242 -0.00875 0.0161111 0.0245045 0.0147126 -0.0129231 -0.0190826 -0.00810127
internal_weight=623 512 126 386 150 236 206 63 143 110 86 129 108 78
internal_count=623 512 126 386 150 236 206 63 143 110 86 129 108 78
cat_boundaries=0 1
cat_threshold=2
is_linear=0
shrinkage=0.08


Tree=37
num_leaves=15
num_cat=0
split_feature=10 10 17 13 13 14 14 7 16 17 7 12 7 5
split_gain=63.1013 15.0243 7.62424 6.97485 6.8983 11.833 8.06128 6.11889 7.57071 5.09824 4.98865 4.65312 13.7312 4.27256
threshold=13.740150000000002 17.462250000000004 0.55910000000000015 0.58950000000000002 0.58450000000000013 0.70000000000000007 0.74650000000000005 0.12465000000000002 -0.0032849999999999993 0.46105000000000007 0.13270000000000001 4.8080500000000006 0.14770000000000003 2.2001500000000003
decision_type=2 2 8 10 8 10 10 2 10 10 2 2 2 2
left_child=-1 2 3 7 5 -3 -6 -2 -9 13 -4 -7 -13 -10
right_child=1 4 10 -5 6 11 -8 8 9 -11 -12 12 -14 -15
leaf_value=0.015453293371489565 -0.0064151653296045377 0.0025163366607440273 -0.0013563359724825808 0.0053000542526952807 -0.00023421457459984473 0.00017959037328458828 0.0028367302790000613 0.0031038744285122235 -0.0040683801348455262 -0.004179313769014226 -0.0045798094025747303 -0.01386087541134267 0.00022655730035421763 0.0029689797175369527
leaf_weight=108 55 48 34 26 32 36 60 23 21 32 46 36 36 30
leaf_count=108 55 48 34 26 32 36 60 23 21 32 46 36 36 30
internal_value=0.00782051 -0.00387597 -0.0170149 -0.00808511 0.0102811 0 0.0275269 -0.014321 -0.00299065 -0.0142857 -0.0375309 -0.0146789 -0.0263014 0.00153846
internal_weight=623 515 267 187 248 156 92 161 106 83 80 108 72 51
internal_count=623 515 267 187 248 156 92 161 106 83 80 108 72 51
is_linear=0
shrinkage=0.08


Tree=38
num_leaves=15
num_cat=0
split_feature=10 10 13 14 14 6 8 8 16 6 11 14 18 17
split_gain=46.959 10.3616 9.4551 9.86159 10.1751 8.05485 8.54912 7.65681 9.04784 7.02244 7 6.40033 7.35926 5.80428
threshold=13.879300000000002 16.11655 0.54250000000000009 0.72000000000000008 0.56500000000000006 35.95000000000001 27.915000000000003 28.300000000000001 -0.0021999999999999997 19.550000000000001 73.725000000000009 0.74650000000000005 1.0645000000000002 0.34505000000000002
decision_type=2 2 10 8 10 2 2 2 8 2 2 10 2 10
left_child=-1 5 3 4 -3 10 -7 8 -5 -4 -2 -11 -13 -6
right_child=1 2 9 7 13 6 -8 -9 -10 11 -12 12 -14 -15
leaf_value=0.013999050522850425 -0.0077687424483823802 -0.0038123867703323479 0.0094624812744436241 -0.0090319055668428797 0.0055468869934249022 -0.0023218620935622969 0.0079184649115572013 -0.0039032484112477175 0.0015562940097645585 -0.00062767774343302834 -0.0024267714072826528 0.00030574618322653179 0.0021215389001690886 0.00025720318435594746
leaf_weight=111 49 22 24 22 24 46 21 52 34 38 20 65 47 48
leaf_count=111 49 22 24 22 24 46 21 52 34 38 20 65 47 48
internal_value=0.00807692 -0.00218324 0.00466844 -0.0070936 0.0117895 -0.0210219 -0.00117647 -0.0234862 -0.00280702 0.0182857 -0.04 0.0116556 0.0212389 0.0263014
internal_weight=623 512 376 202 94 136 67 108 56 174 69 150 112 72
internal_count=623 512 376 202 94 136 67 108 56 174 69 150 112 72
is_linear=0
shrinkage=0.08


Tree=39
num_leaves=15
num_cat=0
split_feature=10 10 18 6 6 17 6 11 5 10 17 6 7 11
split_gain=49.0332 10.0333 9.90633 9.82394 8.6308 7.73307 7.16019 7.55054 5.38676 5.23818 11.3488 5.15836 4.81487 4.76791
threshold=13.879300000000002 17.763950000000005 1.2875000000000003 50.45000000000001 61.45000000000001 0.57230000000000014 54.350000000000001 70.705000000000027 3.9380500000000005 16.156850000000002 0.49910000000000004 79.000000000000014 0.12740000000000004 66.210000000000022
decision_type=2 2 2 2 2 10 2 2 2 2 10 2 2 2
left_child=-1 2 3 8 -5 6 7 13 9 -2 -11 -8 -9 -3
right_child=1 5 -4 4 -6 -7 11 12 -10 10 -12 -13 -14 -15
leaf_value=0.012879126481022424 -0.0065794883396324225 0.00053977193824576556 0.0007739857480396229 0.0059881230463706414 -0.0005585095580775823 0.0024048221221615231 -0.0011907382005902178 -0.010198741382428787 0.00017690747279592857 -0.0050751548996199958 0.002834988219482768 0.0016273773483060517 0.0014262034599933759 0.0025385738958112825
leaf_weight=111 66 54 46 21 48 24 28 32 27 53 27 22 36 28
leaf_count=111 66 54 46 21 48 24 28 32 27 53 27 22 36 28
internal_value=0.00705128 -0.0034308 -0.0132872 -0.0197531 0.00571429 0.00924444 0.0039801 0.0127152 -0.0298851 -0.0359184 -0.0217284 -0.0219608 -0.00695652 0.0289157
internal_weight=623 512 288 242 69 224 200 150 173 146 80 50 68 82
internal_count=623 512 288 242 69 224 200 150 173 146 80 50 68 82
is_linear=0
shrinkage=0.08


Tree=40
num_leaves=15
num_cat=1
split_feature=10 19 14 17 15 13 3 15 9 11 10 8 13 12
split_gain=43.6842 13.6509 10.3177 7.48847 10.5665 7.36763 6.92644 6.81957 5.84881 5.62297 5.79318 6.39203 5.50263 4.92639
threshold=15.487300000000003 0 0.70700000000000007 0.29720000000000008 0.54050000000000009 0.58950000000000002 6.9000000000000012 0.70550000000000013 40.95000000000001 74.280000000000015 18.513400000000001 28.225000000000005 0.51150000000000018 4.6914000000000007
decision_type=2 1 8 8 8 10 2 10 2 2 2 2 10 2
left_child=6 2 -2 -3 -5 -4 -1 9 13 10 11 12 -6 -9
right_child=1 3 5 4 7 -7 -8 8 -10 -11 -12 -13 -14 -15
leaf_value=0.014186586528077961 0.00030157347770636277 -0.004743637625331463 -0.0059090768396636226 0.0050457901460053021 0.0027057114083717249 -0.00068718490235338599 0.0079910706821078037 0.00094319001284128847 0.001795977987547861 0.0013897902710548315 0.00062492586338530392 -0.0026755815691869157 -0.0035668350289413731 -8.2333818827908797e-05
leaf_weight=52 26 21 67 21 27 30 73 32 42 33 22 44 29 104
leaf_count=52 26 21 67 21 27 30 73 32 42 33 22 44 29 104
internal_value=0.00807692 -0.00256513 -0.0244776 0.00518135 0.00811268 -0.0383673 0.0501587 0.0045509 0.0151955 -0.00769231 -0.0156098 -0.0237624 -0.00561404 0.0070073
internal_weight=623 498 123 375 354 97 125 333 178 155 122 100 56 136
internal_count=623 498 123 375 354 97 125 333 178 155 122 100 56 136
cat_boundaries=0 1
cat_threshold=2
is_linear=0
shrinkage=0.08


Tree=41
num_leaves=15
num_cat=1
split_feature=19 10 10 0 11 6 13 10 14 6 3 15 15 18
split_gain=43.7826 9.01387 7.91963 6.94293 15.4857 8.49833 6.5848 6.26099 7.86197 5.68801 8.05839 5.40055 5.18472 4.19381
threshold=0 13.740150000000002 15.725650000000002 282.50000000000006 65.055000000000021 34.350000000000001 0.58950000000000002 18.125900000000005 0.83850000000000013 33.850000000000001 6.9000000000000012 0.75100000000000011 0.68650000000000022 0.69900000000000007
decision_type=1 2 2 2 2 2 10 2 10 2 2 10 10 2
left_child=1 9 -2 6 5 -5 7 8 11 -1 -11 12 -4 -3
right_child=2 13 3 4 -6 -7 -8 -9 -10 10 -12 -13 -14 -15
leaf_value=0.012714501898329473 -0.0074209962631545312 0.0073527714801868618 -0.0038995071976580323 0.00025730099042759136 0.0036326890663561828 -0.0034999358030845863 0.00078587059562085671 -0.0027323328231357458 0.00071699393460442626 0.013894795821041655 0.0045730549468434136 -0.007160224200442134 0.0005168814198130467 0.0012340982801029732
leaf_weight=42 22 20 63 45 46 45 35 25 26 29 37 31 40 117
leaf_count=42 22 20 63 45 46 45 35 25 26 29 37 31 40 117
internal_value=0.00730769 0.0328125 -0.00987147 -0.00717087 0.0070073 -0.0123077 -0.0159276 -0.0219355 -0.0159006 0.0513761 0.0358209 -0.0237037 -0.0146154 0.0202899
internal_weight=623 245 378 356 136 90 220 185 160 108 66 134 103 137
internal_count=623 245 378 356 136 90 220 185 160 108 66 134 103 137
cat_boundaries=0 1
cat_threshold=24
is_linear=0
shrinkage=0.08


Tree=42
num_leaves=15
num_cat=0
split_feature=10 10 9 14 8 17 17 14 3 7 11 9 18 0
split_gain=33.6202 14.8616 7.15902 12.1879 8.8435 7.06108 9.96038 6.13913 5.47932 4.93 4.91874 4.72208 5.9558 4.44393
threshold=13.740150000000002 17.801900000000003 40.250000000000007 0.81500000000000006 27.985000000000003 0.5444500000000001 0.53080000000000005 0.74350000000000016 6.9000000000000012 0.15205000000000005 65.230000000000004 41.95000000000001 1.2785000000000002 260.00000000000006
decision_type=2 2 2 10 2 8 10 10 2 2 2 2 2 2
left_child=8 5 3 4 -3 6 9 -7 -1 -2 -10 12 -4 -9
right_child=1 2 11 -5 -6 7 -8 13 10 -11 -12 -13 -14 -15
leaf_value=0.011940075940148382 -0.0013520290129456259 0.0020354312223414351 0.0014463124169927966 0.0056171259186422696 -0.0073828259691390485 -0.0059699665897384379 0.0050933381664689508 -0.0078753997858527613 0.012482422629539372 0.00032461342583656628 0.0042072105510959548 -0.00049164310593309503 -0.00013127547554846685 -2.7501476064584197e-05
leaf_weight=48 93 36 85 22 32 38 24 20 21 66 39 20 21 58
leaf_count=48 93 36 85 22 32 38 24 20 21 66 39 20 21 58
internal_value=0.00807692 -0.000465116 0.0154839 -0.00175824 -0.0185507 -0.012 -0.00217391 -0.0273504 0.0484404 -0.0095 0.0314754 0.0277165 0.0343925 -0.0141772
internal_weight=623 515 216 90 68 299 183 116 108 159 60 126 106 78
internal_count=623 515 216 90 68 299 183 116 108 159 60 126 106 78
is_linear=0
shrinkage=0.08


Tree=43
num_leaves=15
num_cat=1
split_feature=10 19 3 6 5 7 15 13 10 14 8 15 17 8
split_gain=34.598 12.4413 6.35644 7.34408 5.63355 7.20857 5.31397 6.05386 5.01181 4.07369 4.26894 3.64081 7.58248 5.83007
threshold=13.740150000000002 0 6.9000000000000012 33.850000000000001 2.0227500000000003 0.083550000000000013 0.65000000000000013 0.58950000000000002 18.555900000000005 0.74550000000000016 28.845000000000002 0.72950000000000015 0.55280000000000007 27.885000000000002
decision_type=2 1 2 2 2 2 8 10 2 10 2 10 10 2
left_child=2 6 -1 -4 9 -6 -2 -8 11 10 -3 12 13 -7
right_child=1 4 3 -5 5 8 7 -9 -10 -11 -12 -13 -14 -15
leaf_value=0.010984869864936506 0.00030739168875054901 0.00048111578926324228 0.011329045254485522 0.0038706337070082953 -0.0026106985267055414 0.004287923237378353 -0.0049314370806715123 -1.9898832537896815e-05 0.0032717908220028491 -0.0076511527659606764 -0.00053369016781640972 0.0013306074236333742 -0.0013025596405471162 5.1893773886408921e-05
leaf_weight=48 33 21 23 37 24 30 60 33 22 28 23 97 31 113
leaf_count=48 33 21 23 37 24 30 60 33 22 28 23 97 31 113
internal_value=0.00602564 -0.00263566 0.0469725 0.0288525 0.0046 0.00930818 -0.0233577 -0.0348936 0.0127891 -0.0153425 0 0.00970588 0.00274286 0.0105556
internal_weight=623 515 108 60 389 317 126 93 293 72 44 271 174 143
internal_count=623 515 108 60 389 317 126 93 293 72 44 271 174 143
cat_boundaries=0 1
cat_threshold=2
is_linear=0
shrinkage=0.08


Tree=44
num_leaves=15
num_cat=1
split_feature=19 10 18 0 15 17 6 6 18 11 10 0 14 14
split_gain=21.3278 7.00216 7.35047 11.0193 7.26101 5.85113 5.45128 6.30018 6.39315 5.52909 5.2347 5.55072 4.39959 4.0633
threshold=0 15.725650000000002 0.76000000000000012 260.00000000000006 0.70100000000000007 0.45105000000000006 19.850000000000005 35.20000000000001 0.92400000000000015 71.015000000000001 13.740150000000002 247.50000000000003 0.75200000000000011 0.60400000000000009
decision_type=1 2 2 2 10 8 2 2 2 2 2 2 10 10
left_child=10 -2 3 -3 5 13 -6 -8 -9 -10 11 -1 -12 -4
right_child=1 2 4 -5 6 -7 7 8 9 -11 12 -13 -14 -15
leaf_value=0.011227191363063157 -0.0063380579706212962 -0.0082859221705096769 -0.00049099495439110187 0.00033311372385413484 0.008849623408686948 -0.0017307704643777201 -0.0039119243437876431 0.001728202835262005 -0.00020228127563110432 0.0013737548991751148 8.8084613539152211e-06 0.0069853666727991027 0.002078508864328814 0.00041854211953506581
leaf_weight=25 22 30 27 32 23 72 33 22 40 23 68 83 69 54
leaf_count=25 22 30 27 32 23 72 33 22 40 23 68 83 69 54
internal_value=0.00628205 -0.00575835 -0.00313725 -0.0279365 0.00216949 -0.00987013 0.0152113 0.00806723 0.0195349 0.00625 0.0240625 0.0381651 0.0144928 0.00487805
internal_weight=623 378 356 62 294 153 141 118 85 63 245 108 137 81
internal_count=623 378 356 62 294 153 141 118 85 63 245 108 137 81
cat_boundaries=0 1
cat_threshold=24
is_linear=0
shrinkage=0.08


Tree=45
num_leaves=15
num_cat=0
split_feature=10 10 6 5 9 13 14 9 15 12 16 6 13 12
split_gain=20.3077 7.0484 8.98923 8.4149 6.67433 7.23516 6.82591 9.10798 6.63041 6.56866 5.8441 5.25342 4.43457 3.82496
threshold=13.740150000000002 16.156850000000002 52.100000000000001 3.7700000000000005 36.70000000000001 0.54250000000000009 0.72950000000000015 42.050000000000004 0.54050000000000009 4.9540000000000015 -0.0060349999999999996 45.900000000000013 0.50350000000000017 5.0319000000000011
decision_type=2 2 2 2 2 10 10 2 8 2 10 2 8 2
left_child=12 2 3 13 9 6 7 8 -6 -3 -7 -12 -1 -2
right_child=1 4 -4 -5 5 10 -8 -9 -10 -11 11 -13 -14 -15
leaf_value=0.0052121400725195603 -0.0053466325721749988 0.0003147779571329279 0.00036617968028295866 0.00063005480388643952 0.007044236668673696 -0.0021048308217747193 -0.0022058477955891132 -0.0022857023186998583 0.00017505288362455574 -0.0055404132187861646 0.0022657795041143383 0.00026572466062834365 0.0095390216980781525 -0.00035407786939110506
leaf_weight=34 53 38 39 28 24 22 50 24 58 26 60 66 74 27
leaf_count=34 53 38 39 28 24 22 50 24 58 26 60 66 74 27
internal_value=0.00679487 0.000155039 -0.0145946 -0.026422 0.00607046 0.0110164 -0.00101911 0.0104673 0.0231325 -0.0172308 0.0236242 0.0302362 0.0381651 -0.0395062
internal_weight=623 515 147 108 368 304 156 106 82 64 148 126 108 80
internal_count=623 515 147 108 368 304 156 106 82 64 148 126 108 80
is_linear=0
shrinkage=0.08


Tree=46
num_leaves=15
num_cat=1
split_feature=19 17 13 17 18 15 8 15 1 3 17 13 10 18
split_gain=18.184 6.37024 7.60594 5.59475 5.10616 5.82308 5.80468 6.68064 5.11149 4.92249 4.86166 10.3396 6.39272 5.76549
threshold=0 0.29720000000000008 0.42450000000000004 0.5718000000000002 0.75750000000000017 0.71300000000000008 28.055000000000003 0.76450000000000007 16.000000000000004 6.9000000000000012 0.54505000000000015 0.57800000000000007 18.081950000000003 1.0865000000000002
decision_type=1 8 8 10 2 10 2 10 2 2 10 10 2 2
left_child=3 -2 -3 10 8 9 7 -7 -4 -6 11 12 13 -1
right_child=1 2 4 -5 5 6 -8 -9 -10 -11 -12 -13 -14 -15
leaf_value=0.0068383056705870436 -0.0034943469648767377 0.0028075137678278852 -0.0074465805732217725 0.0078149239824320642 -0.0024681950314832959 0.00035935280414092221 0.00099149901179255377 -0.0081386785140190685 -0.00078710544456085392 -6.4949078051439462e-05 -0.00030365265402715558 0.0081957578587650917 -0.00013385198754368945 0.0017885940605945018
leaf_weight=64 21 27 26 36 54 41 71 27 30 81 36 20 47 42
leaf_count=64 21 27 26 36 54 41 71 27 30 81 36 20 47 42
internal_value=0.00576923 -0.00534704 -0.00290503 0.0221875 -0.00628399 -0.00174545 0.00971429 -0.00695652 -0.0280702 -0.0135294 0.0179048 0.0234483 0.0161039 0.0269159
internal_weight=623 378 357 245 330 274 139 68 56 135 209 173 153 106
internal_count=623 378 357 245 330 274 139 68 56 135 209 173 153 106
cat_boundaries=0 1
cat_threshold=24
is_linear=0
shrinkage=0.08


Tree=47
num_leaves=15
num_cat=0
split_feature=10 9 14 16 10 10 9 5 14 7 17 11 6 11
split_gain=16.1696 7.10299 7.4279 9.97403 7.06574 7.01499 6.98681 8.39828 5.36185 7.4577 5.30496 5.11289 4.99503 4.02242
threshold=13.740150000000002 35.050000000000004 0.81150000000000022 -0.0016099999999999997 16.156850000000002 15.944700000000003 36.70000000000001 2.4840000000000004 0.56500000000000006 0.25855000000000006 0.46490000000000004 71.080000000000013 42.050000000000004 65.055000000000021
decision_type=2 2 10 10 2 2 2 2 10 2 8 2 2 2
left_child=10 -2 4 -4 5 12 -6 8 -8 -10 -1 -12 -3 -9
right_child=1 2 3 -5 6 -7 7 13 9 -11 11 -13 -14 -15
leaf_value=0.0024605509424384664 -0.0059372049912737521 -0.0010613841465903562 0.005484785506815042 7.6036716981553462e-05 -0.0052648459136717873 -0.0061852264558925384 -0.0029255149727935169 -0.00044466456520394717 -0.00011837674010222621 0.0039389643006262796 0.0070760943179497106 0.010465171022352138 0.00031937083066934546 0.0020979038766349768
leaf_weight=42 28 37 32 44 28 42 32 26 84 20 42 24 32 110
leaf_count=42 28 37 32 44 28 42 32 26 84 20 42 24 32 110
internal_value=0.00576923 -0.000155039 0.00213115 0.0249351 -0.00213592 -0.0192857 0.00425249 0.00820513 -0.00583942 0.00304762 0.0337615 0.0477612 -0.00342857 0.0221898
internal_weight=623 515 487 76 411 111 300 272 136 104 108 66 69 136
internal_count=623 515 487 76 411 111 300 272 136 104 108 66 69 136
is_linear=0
shrinkage=0.08


Tree=48
num_leaves=15
num_cat=0
split_feature=10 7 17 10 6 9 8 7 13 15 8 6 10 11
split_gain=17.0703 5.94567 5.30496 5.22389 7.8636 7.2987 6.64387 5.73244 8.25734 8.01823 5.32091 6.73264 6.08595 5.11289
threshold=13.740150000000002 0.083550000000000013 0.46490000000000004 17.792200000000005 50.45000000000001 39.95000000000001 27.885000000000002 0.25855000000000006 0.51850000000000007 0.57500000000000007 28.225000000000005 25.000000000000004 18.481500000000004 71.080000000000013
decision_type=2 2 8 2 2 2 2 2 8 10 2 2 2 2
left_child=2 -2 -1 4 -3 -6 -5 8 9 -8 11 -10 -12 -4
right_child=1 3 13 6 5 -7 7 -9 10 -11 12 -13 -14 -15
leaf_value=0.0022637068670433892 -0.0034157482091447889 -0.00082711514328091872 0.0065100067725137479 0.0054750896643340494 0.0011329360573968739 -8.2176075141049413e-06 0.00097932488805973616 0.0011742052855618556 0.006909315366451718 -0.0013635472509682335 -0.001881781652710588 0.00010161939709874446 0.00040371119077029508 0.0096279573405639949
leaf_weight=42 32 198 42 20 24 51 26 28 26 38 20 32 20 24
leaf_count=42 32 198 42 20 24 51 26 28 26 38 20 32 20 24
internal_value=0.005 -0.00108527 0.0337615 0.00115702 -0.00613139 0.0157895 0.0106161 0.00586387 0 -0.0221538 0.0145455 0.0298305 -0.00780488 0.0477612
internal_weight=623 515 108 483 273 75 210 190 162 64 98 58 40 66
internal_count=623 515 108 483 273 75 210 190 162 64 98 58 40 66
is_linear=0
shrinkage=0.08


Tree=49
num_leaves=15
num_cat=1
split_feature=19 0 16 16 11 11 13 6 9 6 16 5 9 14
split_gain=14.785 5.64443 5.20605 8.07611 5.18484 5.7226 5.45554 3.79721 7.30502 7.11039 3.19516 4.94689 2.90498 4.68999
threshold=0 247.50000000000003 -0.0044699999999999991 -0.0031149999999999993 68.63000000000001 61.240000000000009 0.42450000000000004 46.400000000000013 39.550000000000004 64.40000000000002 -0.0069399999999999991 2.7884000000000007 41.050000000000004 0.7855000000000002
decision_type=1 2 8 8 2 2 8 2 2 2 10 2 2 8
left_child=1 -1 -3 -4 5 -2 -7 10 -9 -10 -6 -12 13 -5
right_child=4 2 3 12 7 6 -8 8 9 -11 11 -13 -14 -15
leaf_value=0.0055533975440661722 -0.0024805355311217172 -0.00050123218996421135 0.0069668520644629696 -0.00076105563428607859 9.1810796382545416e-05 0.0024420757689810556 0.00016141541133736227 0.0005569639463680609 0.00037122412481856772 -0.004077201325250677 -0.0004596077597935633 -0.0053875519108596316 0.0014200902085869771 0.0022218570125943681
leaf_weight=51 21 30 23 46 27 27 126 21 27 27 33 69 55 40
leaf_count=51 21 30 23 46 27 27 126 21 27 27 33 69 55 40
internal_value=0.00551282 0.0203125 0.0147692 0.0203636 -0.00452442 0.00548571 0.0109091 -0.0132683 0.00105263 -0.0145455 -0.0215385 -0.0279612 0.0129577 0.00367816
internal_weight=623 245 194 164 378 174 153 204 75 54 129 102 141 86
internal_count=623 245 194 164 378 174 153 204 75 54 129 102 141 86
cat_boundaries=0 1
cat_threshold=24
is_linear=0
shrinkage=0.08


Tree=50
num_leaves=15
num_cat=0
split_feature=10 9 14 10 13 10 18 9 6 12 6 6 15 10
split_gain=15.5825 7.29333 8.18292 7.05741 5.21079 5.10403 6.16587 4.66715 5.46586 8.44468 7.77234 7.1485 5.03497 7.20093
threshold=13.740150000000002 34.70000000000001 0.81150000000000022 16.156850000000002 0.5485000000000001 15.944700000000003 0.91850000000000021 36.70000000000001 34.350000000000001 5.072750000000001 27.050000000000004 16.050000000000004 0.72950000000000015 17.970000000000002
decision_type=2 2 10 2 8 2 2 2 2 2 2 2 10 2
left_child=4 -2 3 5 -1 6 -3 -5 10 12 11 -9 13 -10
right_child=1 2 -4 7 -6 -7 -8 8 9 -11 -12 -13 -14 -15
leaf_value=0.003692415227304977 -0.0085235335436309387 0.00098878389130982133 0.00082153095728526365 -0.004710515360540333 0.0071233111255391184 -0.0050896896524553334 -0.0021040572148594274 0.002749035201203418 -0.00062475937327758138 -0.00078414835207579975 0.0053002498450932922 -0.0002135370473923226 0.0013648187101210007 0.0017525381720076183
leaf_weight=52 20 34 80 32 56 42 35 26 40 76 26 46 38 20
leaf_count=52 20 34 80 32 56 42 35 26 40 76 26 46 38 20
internal_value=0.00628205 0.000465116 0.00241935 -0.00211538 0.0337615 -0.0192857 -0.00571429 0.00419672 0.00761905 -0.000914286 0.0226263 0.00876712 0.0145455 0
internal_weight=623 515 495 415 108 111 69 304 272 174 98 72 98 60
internal_count=623 515 495 415 108 111 69 304 272 174 98 72 98 60
is_linear=0
shrinkage=0.08


Tree=51
num_leaves=15
num_cat=2
split_feature=19 17 15 19 16 14 12 9 2 16 16 15 17 7
split_gain=10.7141 7.40618 10.4932 6.34287 5.87099 4.94384 5.61392 6.52691 4.74821 4.35164 7.06156 4.25964 7.58002 7.28753
threshold=0 0.29720000000000008 0.54050000000000009 1 0.00030500000000000004 0.80200000000000016 5.0319000000000011 40.550000000000004 277.50000000000006 0.0031200000000000004 -0.0021749999999999994 0.72950000000000015 0.54605000000000004 0.13405000000000003
decision_type=1 8 8 1 10 10 2 2 2 8 10 8 10 2
left_child=4 -2 -3 9 -1 6 11 -8 -7 10 -4 12 13 -5
right_child=1 2 3 5 -6 8 7 -9 -10 -11 -12 -13 -14 -15
leaf_value=0.0068170046380296159 -0.0024691433555360499 0.004299599123346134 -0.0001772364948037275 -0.00052578559049385018 0.00018409507224845356 0.0035828647462985241 -0.005773467757328881 -4.2177081043526241e-06 0.0001132549446551856 0.00031029948981900593 -0.0057861566005798391 0.00095895121534301359 -0.00086115099102554991 0.0057546957094335837
leaf_weight=82 28 28 43 21 37 24 27 57 69 24 45 66 51 21
leaf_count=82 28 28 43 21 37 24 27 57 69 24 45 66 51 21
internal_value=0.00602564 0.000621359 0.00301887 0 0.0264615 0.00553314 -0.000327869 -0.0169412 0.0212766 -0.0156098 -0.0251685 0.0085 -0.00255319 0.0223256
internal_weight=623 504 476 448 119 336 243 84 93 112 88 159 93 42
internal_count=623 504 476 448 119 336 243 84 93 112 88 159 93 42
cat_boundaries=0 1 2
cat_threshold=8 2
is_linear=0
shrinkage=0.08


Tree=52
num_leaves=15
num_cat=0
split_feature=10 8 8 13 14 18 7 17 10 8 17 5 14 8
split_gain=13.2223 6.46706 7.38091 7.91357 9.29369 8.81752 7.33138 5.74085 4.99419 4.44609 3.83047 4.09159 5.35292 3.19962
threshold=13.740150000000002 27.765000000000004 27.875000000000004 0.58950000000000002 0.74650000000000005 1.2875000000000003 0.2667500000000001 0.46490000000000004 12.950450000000002 28.135000000000002 0.54370000000000018 2.4840000000000004 0.68100000000000016 27.820000000000004
decision_type=2 2 2 10 10 2 2 8 2 2 10 2 8 2
left_child=7 -2 13 5 -5 6 10 9 -9 -1 11 -4 -13 -3
right_child=1 2 3 4 -6 -7 -8 8 -10 -11 -12 12 -14 -15
leaf_value=-0.0021018358252394621 -0.0014368772802713203 0.00029743173229788148 -0.0013037913522995638 -0.0030774432442535905 0.0029699437230825509 0.00090957688212218286 0.00080335129615849432 0.0094419389771203295 0.0022533208288296434 0.0045341771776538312 -0.0020197291819129483 0.00064853960969900369 -0.00089618472671296081 0.0033302007579485405
leaf_weight=21 56 20 83 25 71 45 44 27 39 21 22 25 96 28
leaf_count=21 56 20 83 25 71 45 44 27 39 21 22 25 96 28
internal_value=0.00551282 0.000155039 0.00330435 -0.000194175 0.0197938 -0.00632911 -0.0118081 0.0308257 0.0453731 0.00744186 -0.0176211 -0.0140488 -0.00459016 0.0326531
internal_weight=623 515 459 411 96 315 270 108 66 42 226 204 121 48
internal_count=623 515 459 411 96 315 270 108 66 42 226 204 121 48
is_linear=0
shrinkage=0.08


Tree=53
num_leaves=15
num_cat=1
split_feature=10 16 10 16 5 15 17 18 19 0 11 10 18 16
split_gain=11.7243 9.1366 6.76229 4.56923 3.84946 9.42178 4.58404 5.0649 4.87475 14.8416 14.5514 5.14547 4.08485 3.92369
threshold=15.487300000000003 0.00030500000000000004 15.753300000000001 -0.0040149999999999986 1.7657500000000004 0.54050000000000009 0.38150000000000006 1.0315000000000001 0 260.00000000000006 72.855000000000018 16.422450000000001 0.94650000000000001 -0.0031149999999999993
decision_type=2 10 2 8 2 8 8 2 1 2 2 2 2 8
left_child=1 3 -2 -1 -4 -6 7 -7 10 11 -8 -10 -12 -11
right_child=2 -3 4 -5 5 6 8 -9 9 13 12 -13 -14 -15
leaf_value=0.0020435887412067898 -0.005912276439811257 -0.00019920363766985362 -0.0020294289844544357 0.0068299433049223172 0.0041617533170611922 -0.0054838053263317078 -4.0141434769944697e-05 6.3285681475857558e-05 -0.0019270954749874348 0.0056784671429259423 0.0053957245380829204 -0.0031259207353649112 0.0011110104321303816 8.9715549757611875e-05
leaf_weight=26 20 39 28 60 32 23 128 21 33 25 32 51 27 78
leaf_count=26 20 39 28 60 32 23 128 21 33 25 32 51 27 78
internal_value=0.00423077 0.0260317 -0.00128257 0.0404598 0.000668058 0.00248337 -0.000763723 -0.0248889 0.00213333 -0.00686869 0.0109091 -0.032 0.044 0.0130769
internal_weight=623 125 498 86 478 450 418 44 374 187 187 84 59 103
internal_count=623 125 498 86 478 450 418 44 374 187 187 84 59 103
cat_boundaries=0 1
cat_threshold=20
is_linear=0
shrinkage=0.08


Tree=54
num_leaves=15
num_cat=0
split_feature=10 7 15 14 6 15 14 10 6 9 12 10 6 15
split_gain=11.551 6.0583 5.76527 5.25117 5.22846 6.85204 8.42936 6.93227 5.2245 4.65338 7.39766 4.0114 3.92187 3.91171
threshold=13.740150000000002 0.083550000000000013 0.7835000000000002 0.80200000000000016 10.650000000000002 0.48200000000000004 0.70700000000000007 16.531500000000005 19.550000000000001 41.050000000000004 4.7288500000000004 17.581350000000004 20.250000000000004 0.72150000000000014
decision_type=2 2 10 10 2 10 10 2 2 2 2 2 2 10
left_child=12 -2 3 4 -3 -6 7 -7 -8 10 11 -10 -1 -5
right_child=1 2 -4 13 5 6 8 -9 9 -11 -12 -13 -14 -15
leaf_value=0.0060146593154657068 -0.0022173714554154511 0.0024740042849930276 -0.0011507639876333897 -5.3431643202346281e-05 -0.0037480288662326711 -0.00041502047539266674 0.0038208534479710599 0.0023849685049101279 -0.00035274226035546084 0.0005846973536496236 -0.00382250442739996 0.00071964886502253302 0.0038227900257933102 0.0019408636185955519
leaf_weight=23 32 20 28 36 34 28 20 60 38 65 72 26 85 56
leaf_count=23 32 20 28 36 34 28 20 60 38 65 72 26 85 56
internal_value=0.00423077 -0.000775194 0.0014876 0.00368421 -0.000659341 -0.00302326 0.000774194 0.021573 -0.00756757 -0.0114851 -0.019854 0 0.0278899 0.0206452
internal_weight=623 515 483 455 363 343 309 88 221 201 136 64 108 92
internal_count=623 515 483 455 363 343 309 88 221 201 136 64 108 92
is_linear=0
shrinkage=0.08


Tree=55
num_leaves=15
num_cat=0
split_feature=10 17 9 17 13 16 5 15 10 18 6 1 16 18
split_gain=8.61123 7.09888 4.84227 5.14873 8.22904 7.43327 8.76115 8.14064 6.30468 7.19134 6.12356 4.88383 4.66265 4.84049
threshold=13.558300000000001 0.46490000000000004 34.70000000000001 0.54605000000000004 0.57800000000000007 -0.0033399999999999997 2.0227500000000003 0.5505000000000001 18.081950000000003 1.2395000000000003 30.000000000000004 24.000000000000004 0.0025400000000000002 0.91850000000000021
decision_type=2 8 2 10 10 8 2 8 2 2 2 2 8 2
left_child=1 -1 -2 4 5 10 -7 -8 9 12 -4 -5 13 -9
right_child=2 -3 3 11 -6 6 7 8 -10 -11 -12 -13 -14 -15
leaf_value=-0.00029551615028800883 -0.0073157541084659574 0.0054199177207161853 -0.0001516512416093474 -0.00080672673995967341 0.0024240301781018126 -0.001954894485924368 0.0031666586670564011 0.00022871865684527927 -0.00072707880718563271 0.0022522253422808448 0.0045475909737005618 3.898459097857021e-05 0.0010981136959637894 -0.0044977295837454355
leaf_weight=39 20 63 28 60 46 57 30 42 42 21 30 83 31 31
leaf_count=39 20 63 28 60 46 57 30 42 42 21 30 83 31 31
internal_value=0.00371795 0.0248544 -0.00045977 0.00111554 0.00623955 0.00153355 -0.00439216 0.00363636 -0.00333333 0.00571429 0.0271186 -0.0116667 -0.00304762 -0.0140541
internal_weight=623 102 521 501 358 312 254 197 167 125 58 143 104 73
internal_count=623 102 521 501 358 312 254 197 167 125 58 143 104 73
is_linear=0
shrinkage=0.08


Tree=56
num_leaves=15
num_cat=1
split_feature=10 17 15 9 6 13 17 19 1 14 10 5 10 14
split_gain=8.37795 5.55397 4.55329 4.48153 3.42963 5.76717 5.00426 4.64501 15.5731 13.6357 6.83428 5.81531 4.82407 3.35778
threshold=13.558300000000001 0.46490000000000004 0.7835000000000002 40.050000000000004 10.650000000000002 0.36700000000000005 0.34505000000000002 0 16.000000000000004 0.81950000000000001 16.555900000000005 3.9517500000000005 18.2651 0.75050000000000006
decision_type=2 8 10 2 2 10 10 1 2 10 2 2 2 10
left_child=1 -1 4 -3 -2 -6 -7 8 -8 11 -10 -9 13 -12
right_child=2 3 -4 -5 5 6 7 9 10 -11 12 -13 -14 -15
leaf_value=-0.00027187485826495105 0.0021882348465164791 0.0065580622542321266 -0.0010289490587010652 0.0031681698899446078 -0.00334200046525714 0.0017182833804435661 -0.0031357118296557697 -0.00023872746280140689 -0.00043601105933765982 0.0041681198414609622 0.0019903243973295793 0.0031653766509048388 -7.2245346432513465e-05 0.00027943127938887539
leaf_weight=39 20 31 36 32 35 30 76 152 48 32 24 22 24 22
leaf_count=39 20 31 36 32 35 30 76 152 48 32 24 22 24 22
internal_value=0.000897436 0.0217476 -0.00321839 0.03625 -0.00115226 -0.00257511 0 -0.00239401 -0.0109268 0.00589862 0.00672269 -0.00274286 0.0225352 0.0374468
internal_weight=623 102 521 63 485 465 430 400 194 206 118 174 70 46
internal_count=623 102 521 63 485 465 430 400 194 206 118 174 70 46
cat_boundaries=0 1
cat_threshold=3
is_linear=0
shrinkage=0.08


Tree=57
num_leaves=15
num_cat=1
split_feature=6 18 17 7 19 15 15 15 6 18 14 11 15 11
split_gain=6.98169 8.62606 4.97782 5.3659 6.36968 9.37671 7.2109 10.5925 6.89831 6.03456 6.19662 5.69354 5.05754 4.88697
threshold=19.550000000000001 1.1665000000000003 0.29720000000000008 0.24245000000000003 0 0.5505000000000001 0.72150000000000014 0.77700000000000014 40.800000000000004 0.84800000000000009 0.80200000000000016 72.710000000000022 0.7430000000000001 66.055000000000021
decision_type=2 2 10 2 1 10 10 10 2 2 10 2 10 2
left_child=1 -1 -2 4 11 -6 8 9 -7 -8 -11 13 -5 -4
right_child=2 -3 3 12 5 6 7 -9 -10 10 -12 -13 -14 -15
leaf_value=0.0019872905018424847 -0.0021192580483353819 -0.00011065290393067251 0.0015543665445283718 0.003990375557702883 0.0043846057856024778 -0.0022826109248674166 -0.00064182184866184327 -0.0036761712788611692 -0.00036184378383029346 0.00025707677703777241 0.0032666834456461127 0.0034841162869063782 -0.00020235470690590064 -0.00097689984468778417
leaf_weight=66 38 31 56 35 21 66 28 27 60 38 21 56 20 60
leaf_count=66 38 31 56 35 21 66 28 27 60 38 21 56 20 60
internal_value=0.0024359 0.0220408 -0.00121442 0.000981595 -0.00202765 -0.00970588 -0.0146058 0 -0.0277165 0.0136364 0.028 0.00961749 0.0242857 0
internal_weight=623 97 526 488 433 261 240 114 126 87 59 172 55 116
internal_count=623 97 526 488 433 261 240 114 126 87 59 172 55 116
cat_boundaries=0 1
cat_threshold=12
is_linear=0
shrinkage=0.08


Tree=58
num_leaves=15
num_cat=0
split_feature=6 10 15 18 18 18 7 10 18 13 7 13 7 10
split_gain=6.51147 5.77065 6.47391 4.78673 7.72476 6.8423 6.52198 5.67277 5.53843 10.3625 5.71589 4.82653 4.81824 7.32101
threshold=10.150000000000002 13.189200000000001 0.6775000000000001 0.65950000000000009 0.7420000000000001 0.91850000000000021 0.23530000000000004 16.675200000000004 1.2885000000000002 0.60850000000000015 0.12465000000000002 0.43200000000000005 0.22160000000000005 17.904100000000003
decision_type=2 2 10 2 2 2 2 2 2 8 2 10 2 2
left_child=-1 2 -2 -3 7 6 -6 -5 10 -10 -7 -12 13 -13
right_child=1 3 -4 4 5 8 -8 -9 9 -11 11 12 -14 -15
leaf_value=0.0039796130838668335 -0.0015333433677652054 0.0013719751220057131 0.0036032262854470078 -0.0063097324734233884 0.00013482071107798533 -0.0018431295243241585 0.0044596867625273399 -0.00027074383119401801 0.0013574572304322174 -0.0023039866404732214 -0.0010029250498398313 -2.0211169431831876e-05 -0.00025163336025681995 0.00092171490980589969
leaf_weight=20 20 38 47 26 101 71 24 21 55 24 29 75 44 28
leaf_count=20 20 38 47 26 101 71 24 21 55 24 29 75 44 28
internal_value=0.00192308 0.000397351 0.0223529 -0.00238361 -0.00448898 -0.00123894 0.0146032 -0.035 -0.00733945 0.011 -0.0132258 -0.00542373 0.000540541 0.01
internal_weight=623 603 67 536 498 451 125 47 326 79 247 176 147 103
internal_count=623 603 67 536 498 451 125 47 326 79 247 176 147 103
is_linear=0
shrinkage=0.08


Tree=59
num_leaves=15
num_cat=0
split_feature=6 15 18 6 13 18 7 15 15 17 13 18 11 14
split_gain=4.82861 4.78624 3.85236 4.49901 5.17218 3.86487 3.14815 2.77686 5.17566 4.10653 3.64219 3.07501 6.69971 5.45481
threshold=10.150000000000002 0.48200000000000004 0.65750000000000008 16.050000000000004 0.42650000000000005 0.75300000000000011 0.13405000000000003 0.75550000000000017 0.72950000000000015 0.54605000000000004 0.58450000000000013 0.9215000000000001 70.540000000000006 0.70000000000000007
decision_type=2 10 2 2 10 2 2 10 10 10 10 2 2 10
left_child=-1 -2 -3 -4 -5 6 -6 8 9 11 -9 12 -7 -13
right_child=1 2 3 4 5 7 -8 10 -10 -11 -12 13 -14 -15
leaf_value=0.0036612440371574895 -0.0030514943684249651 0.0021119839522865513 0.0047117568626225646 0.0011572184566514742 -0.0010604264642203455 -0.0049146349761278428 -0.0040901490488832763 -0.0024514706035858591 0.0014376821078875678 -0.00046404564579587414 0.00025306795641995451 0.0010589444439104145 0.0021207786792288809 -0.00027776341219865497
leaf_weight=20 40 36 29 43 20 22 33 48 72 75 34 42 28 81
leaf_count=20 40 36 29 43 20 22 33 48 72 75 34 42 28 81
internal_value=0.000384615 -0.000927152 0.000992908 -0.000757576 -0.00256513 -0.00508772 -0.0251852 -0.00238213 0.000996885 -0.00449799 -0.0154217 0.00229885 0.0188235 -0.00451613
internal_weight=623 603 563 527 498 455 53 402 320 248 82 173 50 123
internal_count=623 603 563 527 498 455 53 402 320 248 82 173 50 123
is_linear=0
shrinkage=0.08


end of trees

feature_importances:
gdd_per_day=107
ndvi_max=69
ndvi_auc_per_day=68
crop=66
rainfall_last30_mm=63
dry_spell_frac=56
temp_max_c=56
ndvi_mean=53
temp_mean_c=47
ndvi_p90=46
rainfall_mm_per_day=42
ndvi_slope_30d=40
humidity_mean_pct=36
area_ha=32
et0_mm_per_day=28
n_kg_ha=18
p_kg_ha=5
ph=5
k_kg_ha=3

parameters:
[boosting: gbdt]
[objective: regression_l1]
[metric: l1]
[tree_learner: serial]
[device_type: cpu]
[data_sample_strategy: bagging]
[data: ]
[valid: ]
[num_iterations: 60]
[learning_rate: 0.08]
[num_leaves: 15]
[num_threads: 10]
[seed: 42]
[deterministic: 0]
[force_col_wise: 0]
[force_row_wise: 0]
[histogram_pool_size: -1]
[max_depth: -1]
[min_data_in_leaf: 20]
[min_sum_hessian_in_leaf: 0.001]
[bagging_fraction: 0.8]
[pos_bagging_fraction: 1]
[neg_bagging_fraction: 1]
[bagging_freq: 0]
[bagging_seed: 400]
[bagging_by_query: 0]
[feature_fraction: 0.8]
[feature_fraction_bynode: 1]
[feature_fraction_seed: 30056]
[extra_trees: 0]
[extra_seed: 12879]
[early_stopping_round: 0]
[early_stopping_min_delta: 0]
[first_metric_only: 0]
[max_delta_step: 0]
[lambda_l1: 0]
[lambda_l2: 1]
[linear_lambda: 0]
[min_gain_to_split: 0]
[drop_rate: 0.1]
[max_drop: 50]
[skip_drop: 0.5]
[xgboost_dart_mode: 0]
[uniform_drop: 0]
[drop_seed: 17869]
[top_rate: 0.2]
[other_rate: 0.1]
[min_data_per_group: 100]
[max_cat_threshold: 32]
[cat_l2: 10]
[cat_smooth: 10]
[max_cat_to_onehot: 4]
[top_k: 20]
[monotone_constraints: ]
[monotone_constraints_method: basic]
[monotone_penalty: 0]
[feature_contri: ]
[forcedsplits_filename: ]
[refit_decay_rate: 0.9]
[cegb_tradeoff: 1]
[cegb_penalty_split: 0]
[cegb_penalty_feature_lazy: ]
[cegb_penalty_feature_coupled: ]
[path_smooth: 0]
[interaction_constraints: ]
[verbosity: -1]
[saved_feature_importance_type: 0]
[use_quantized_grad: 0]
[num_grad_quant_bins: 4]
[quant_train_renew_leaf: 0]
[stochastic_rounding: 1]
[linear_tree: 0]
[max_bin: 255]
[max_bin_by_feature: ]
[min_data_in_bin: 3]
[bin_construct_sample_cnt: 200000]
[data_random_seed: 175]
[is_enable_sparse: 1]
[enable_bundle: 1]
[use_missing: 1]
[zero_as_missing: 0]
[feature_pre_filter: 1]
[pre_partition: 0]
[two_round: 0]
[header: 0]
[label_column: ]
[weight_column: ]
[group_column: ]
[ignore_column: ]
[categorical_feature: 19,20,21]
[forcedbins_filename: ]
[precise_float_parser: 0]
[parser_config_file: ]
[objective_seed: 16083]
[num_class: 1]
[is_unbalance: 0]
[scale_pos_weight: 1]
[sigmoid: 1]
[boost_from_average: 1]
[reg_sqrt: 0]
[alpha: 0.9]
[fair_c: 1]
[poisson_max_delta_step: 0.7]
[tweedie_variance_power: 1.5]
[lambdarank_truncation_level: 30]
[lambdarank_norm: 1]
[label_gain: ]
[lambdarank_position_bias_regularization: 0]
[eval_at: ]
[multi_error_top_k: 1]
[auc_mu_weights: ]
[num_machines: 1]
[local_listen_port: 12400]
[time_out: 120]
[machine_list_filename: ]
[machines: ]
[gpu_platform_id: -1]
[gpu_device_id: -1]
[gpu_device_id_list: ]
[gpu_use_dp: 0]
[num_gpu: 1]

end of parameters

pandas_categorical:[["paddy", "black_gram", "groundnut", "sugarcane", "maize"], ["Thanjavur", "Tiruvarur", "Nagapattinam", "Tiruchirappalli", "Madurai"], ["whole_year", "kharif", "rabi", "kuruvai", "samba"]]
