tree
version=v4
num_class=1
num_tree_per_iteration=1
label_index=0
max_feature_idx=21
objective=quantile
feature_names=n_kg_ha p_kg_ha k_kg_ha ph oc_pct rainfall_cum_mm rainfall_last30_mm dry_spell_max_days temp_mean_c temp_max_c gdd humidity_mean_pct et0_cum_mm ndvi_mean ndvi_max ndvi_p90 ndvi_slope_30d ndvi_auc area_ha crop district season
feature_infos=[240:310] [12:26] [200:310] [6.4000000000000004:7.5999999999999996] [0.47999999999999998:0.62] [448.30000000000001:1757.9000000000001] [8.1999999999999993:143] [26:134] [27.359999999999999:29.32] [34.299999999999997:42.700000000000003] [4510.8000000000002:7053.5] [58.43:76.099999999999994] [1597.2:2101.3000000000002] [0.314:0.66800000000000004] [0.50800000000000001:0.96899999999999997] [0.40000000000000002:0.82399999999999995] [-0.012409999999999999:0.011469999999999999] [36:234.81] [0.59999999999999998:1.3999999999999999] -1:0:1:2:4:3 -1:0:1:3:2:4 none
tree_sizes=618 1474 733 662 652 648 648 654 574 599 678 657 682 664 674 582 583 1199 668 661 668 585 586 669 585 589 682 672 670 586 671 592 769 766 778 925 939 945 945 943 1021 1126 1111 1099 1201 1259 1296 1296 1366 1463 1467 1396 1470 1451 1465 1486 1469 1464 1455 1476

Tree=0
num_leaves=6
num_cat=0
split_feature=10 4 11 5 14
split_gain=29.1593 2.4156 2.79393 2.11872 0.49632
threshold=5066.0500000000011 0.56500000000000006 64.955000000000013 1055.1500000000003 0.77750000000000019
decision_type=2 2 2 2 10
left_child=1 2 -1 -3 -4
right_child=-2 3 4 -5 -6
leaf_value=4.620435777615012 4.3652678629495867 4.6197224994488533 4.6199406619153889 4.6216715008573006 4.6107216367994628
leaf_weight=20 512 21 21 29 20
leaf_count=20 512 21 21 29 20
internal_value=4.61004 4.64702 4.63563 4.66015 4.6231
internal_weight=623 111 61 50 41
internal_count=623 111 61 50 41
is_linear=0
shrinkage=1


Tree=1
num_leaves=15
num_cat=1
split_feature=20 11 11 13 14 13 14 13 17 7 8 8 5 6
split_gain=0.590285 0.486055 0.398076 0.391746 0.295926 0.206854 0.191089 0.337528 0.356593 0.150864 0.181052 0.13852 0.0929152 0.0875981
threshold=0 72.580000000000027 63.935000000000009 0.64000000000000012 0.65550000000000008 0.45450000000000007 0.68100000000000016 0.5415000000000002 199.56000000000003 60.500000000000007 28.325000000000003 28.285000000000004 998.70000000000016 46.850000000000009
decision_type=1 2 2 10 10 10 10 10 10 2 2 2 2 2
left_child=1 2 -1 5 -4 -2 -6 13 11 -7 -11 -9 -5 -8
right_child=3 -3 4 12 6 9 7 8 -10 10 -12 -13 -14 -15
leaf_value=0.0082666266184823912 -0.045174705698143074 0.0052637234909209242 -0.013275436703779278 0.0068543829726140613 0.0082997801397032851 -0.0083333623199095021 -0.0073116030431570776 0.0048131452293412027 -0.0035448367868907526 -0.010753255213056838 0.0026707593747372451 5.8167981966477099e-05 -0.007901237077936045 -0.010610012326827558
leaf_weight=55 23 90 52 20 20 118 25 45 30 35 20 35 20 35
leaf_count=55 23 90 52 20 20 118 25 45 30 35 20 35 20 35
internal_value=-3.84634e-05 0.00186934 0.000348991 -0.00310931 -0.0010535 -0.00471066 0.000418846 -0.000467838 0.00216216 -0.00565517 -0.00214286 0.00493827 0.00390244 -0.0052459
internal_weight=623 387 297 236 242 196 190 170 110 173 55 80 40 60
internal_count=623 387 297 236 242 196 190 170 110 173 55 80 40 60
cat_boundaries=0 1
cat_threshold=11
is_linear=0
shrinkage=0.08


Tree=2
num_leaves=7
num_cat=0
split_feature=10 11 4 8 14 10
split_gain=26.293 1.90558 2.02722 1.38096 1.02949 0.045253
threshold=5165.2500000000009 64.810000000000016 0.56500000000000006 28.025000000000002 0.76550000000000018 5732.1000000000013
decision_type=2 2 2 2 10 2
left_child=1 -1 4 -4 -3 -2
right_child=5 2 3 -5 -6 -7
leaf_value=0.012888526956655591 -0.24090649273970829 0.013777450528776118 0.013453976882277284 0.006309242682937778 0.0011681363976362739 -0.22548295897992135
leaf_weight=25 20 22 24 24 22 486
leaf_count=25 20 22 24 24 22 486
internal_value=8.97417e-05 0.0341017 0.0282151 0.0395102 0.0152889 -0.00782643
internal_weight=623 117 92 48 44 506
internal_count=623 117 92 48 44 506
is_linear=0
shrinkage=0.08


Tree=3
num_leaves=6
num_cat=0
split_feature=10 1 16 16 14
split_gain=21.4897 1.76736 1.49348 1.73061 0.0244589
threshold=5625.4000000000005 13.000000000000002 0.00030500000000000004 -0.0038149999999999994 0.74450000000000005
decision_type=2 2 10 8 10
left_child=1 -1 3 -3 -5
right_child=-2 2 -4 4 -6
leaf_value=0.0052916371065058797 -0.20773897603888963 0.0078371731403178557 0.010101807681106512 0.015468720862633636 0.0075031854895838395
leaf_weight=23 502 23 34 20 21
leaf_count=23 502 23 34 20 21
internal_value=-0.000679489 0.0294426 0.034101 0.0413538 0.0512381
internal_weight=623 121 98 64 41
internal_count=623 121 98 64 41
is_linear=0
shrinkage=0.08


Tree=4
num_leaves=6
num_cat=0
split_feature=10 8 13 10 11
split_gain=19.2899 1.67157 1.67556 2.17609 0.619264
threshold=5625.4000000000005 28.410000000000004 0.55300000000000016 4754.0000000000009 71.895000000000024
decision_type=2 2 8 2 2
left_child=1 2 4 -4 -1
right_child=-2 -3 3 -5 -6
leaf_value=0.0062182080885633409 -0.19111985795577846 0.011156096006478234 0.014023857260702207 0.0091843716956956662 -0.0010982476559823623
leaf_weight=20 502 30 25 25 21
leaf_count=20 502 30 25 25 21
internal_value=-0.0010641 0.0274754 0.0216522 0.0313725 0.00933333
internal_weight=623 121 91 50 41
internal_count=623 121 91 50 41
is_linear=0
shrinkage=0.08


Tree=5
num_leaves=6
num_cat=0
split_feature=10 17 9 5 5
split_gain=15.8873 1.47523 1.24503 0.652456 1.36261
threshold=5625.4000000000005 208.36000000000004 40.95000000000001 1020.5500000000001 1295.0500000000002
decision_type=2 8 2 2 2
left_child=1 2 3 -1 -5
right_child=-2 -3 -4 4 -6
leaf_value=6.3649244933715223e-05 -0.17583026931931617 0.013000403259086378 0.010196069073147868 0.0063005953596563984 0.0021433215974162303
leaf_weight=23 502 23 28 23 24
leaf_count=23 502 23 28 23 24
internal_value=-0.00170513 0.0241967 0.0195556 0.0135211 0.0188333
internal_weight=623 121 98 70 47
internal_count=623 121 98 70 47
is_linear=0
shrinkage=0.08


Tree=6
num_leaves=6
num_cat=0
split_feature=10 17 8 6 7
split_gain=13.4026 1.08319 1.27407 1.3777 0.713982
threshold=5625.4000000000005 208.78500000000005 28.410000000000004 30.500000000000004 51.500000000000007
decision_type=2 8 2 2 2
left_child=1 2 3 -1 -5
right_child=-2 -3 -4 4 -6
leaf_value=0.0057056431071719057 -0.16176384777377087 0.012103220497655278 0.0094938289763633419 0.0060715323059075147 -0.0017678286217103398
leaf_weight=28 502 22 27 23 21
leaf_count=28 502 22 27 23 21
internal_value=-0.00221795 0.0215738 0.01768 0.0118356 0.00284444
internal_weight=623 121 99 72 44
internal_count=623 121 99 72 44
is_linear=0
shrinkage=0.08


Tree=7
num_leaves=6
num_cat=0
split_feature=10 13 13 10 9
split_gain=12.2394 1.53454 1.28728 0.748202 1.29817
threshold=5625.4000000000005 0.44000000000000006 0.51850000000000007 4754.0000000000009 40.750000000000007
decision_type=2 10 10 2 2
left_child=1 -1 -3 -4 -5
right_child=-2 2 3 4 -6
leaf_value=0.014811146279182792 -0.1488227399518692 0.0013792330231157826 0.0060316422933572433 -0.00027561399730299135 0.0075756399740441148
leaf_weight=21 502 27 30 21 22
leaf_count=21 502 27 30 21 22
internal_value=-0.00247436 0.0202623 0.0158416 0.0212973 0.014
internal_weight=623 121 100 73 43
internal_count=623 121 100 73 43
is_linear=0
shrinkage=0.08


Tree=8
num_leaves=5
num_cat=0
split_feature=10 9 10 16
split_gain=11.1289 1.20311 1.33804 0.51828
threshold=5625.4000000000005 40.95000000000001 4726.0500000000002 -0.0014649999999999997
decision_type=2 2 2 8
left_child=1 2 -1 -4
right_child=-2 -3 3 -5
leaf_value=0.0090905957472992103 -0.13691692075571968 0.0082400220204964687 0.0049517513510543079 -0.0013649103083833952
leaf_weight=39 502 36 23 23
leaf_count=39 502 36 23 23
internal_value=-0.00273077 0.0189508 0.0134884 0.0040851
internal_weight=623 121 85 46
internal_count=623 121 85 46
is_linear=0
shrinkage=0.08


Tree=9
num_leaves=5
num_cat=1
split_feature=19 13 17 16
split_gain=9.22613 1.42916 1.25661 0.736148
threshold=0 0.44000000000000006 169.91500000000002 -8.4999999999999993e-05
decision_type=1 10 10 10
left_child=1 -1 -3 -4
right_child=-2 2 3 -5
leaf_value=0.012899006917064269 -0.12596356709526213 -2.8030348270799699e-05 0.0046201653137756572 0.008351365959306448
leaf_weight=21 504 31 39 28
leaf_count=21 504 31 39 28
internal_value=-0.00311539 0.0160615 0.0130909 0.0191765
internal_weight=623 119 98 67
internal_count=623 119 98 67
cat_boundaries=0 1
cat_threshold=8
is_linear=0
shrinkage=0.08


Tree=10
num_leaves=6
num_cat=1
split_feature=19 14 9 6 17
split_gain=6.16856 1.23347 1.10689 1.16145 0.475194
threshold=0 0.69300000000000006 36.250000000000007 36.20000000000001 196.97500000000005
decision_type=1 10 2 2 10
left_child=1 -1 -3 -4 -5
right_child=-2 2 3 4 -6
leaf_value=0.0093861706425786909 -0.11588648172764117 -0.00079409937272344102 0.0089915210445822707 -0.00031584960720307373 0.0019553098026439389
leaf_weight=26 504 21 28 21 23
leaf_count=26 504 21 28 21 23
internal_value=-0.00401282 0.0117538 0.00825532 0.0129315 0.00462222
internal_weight=623 119 93 72 44
internal_count=623 119 93 72 44
cat_boundaries=0 1
cat_threshold=8
is_linear=0
shrinkage=0.08


Tree=11
num_leaves=6
num_cat=0
split_feature=10 6 5 18 17
split_gain=6.78471 1.01658 0.577541 0.903429 0.340634
threshold=5625.4000000000005 20.050000000000004 1336.7500000000002 0.86950000000000005 185.60500000000005
decision_type=2 2 2 2 10
left_child=1 -1 3 -3 -5
right_child=-2 2 -4 4 -6
leaf_value=0.0061543636637762713 -0.10661556318942988 3.7741038205531752e-05 -0.00078058203233918357 0.0077511266565126738 0.0060947319468349168
leaf_weight=21 502 31 24 22 23
leaf_count=21 502 31 24 22 23
internal_value=-0.00388462 0.0130492 0.00950495 0.0128831 0.02
internal_weight=623 121 100 76 45
internal_count=623 121 100 76 45
is_linear=0
shrinkage=0.08


Tree=12
num_leaves=6
num_cat=1
split_feature=19 6 5 13 15
split_gain=5.04087 0.858957 0.380251 0.354738 0.247985
threshold=0 20.050000000000004 1336.7500000000002 0.55300000000000016 0.62800000000000011
decision_type=1 2 2 10 10
left_child=1 -1 3 4 -3
right_child=-2 2 -4 -5 -6
leaf_value=0.0056620145706741936 -0.098086318134275499 0.0041469888402606084 -0.00071813546975202846 0.0083772829464478105 -9.8787188797462244e-05
leaf_weight=21 504 20 24 32 22
leaf_count=21 504 20 24 32 22
internal_value=-0.00439744 0.00990769 0.00743434 0.01024 0.0052093
internal_weight=623 119 98 74 42
internal_count=623 119 98 74 42
cat_boundaries=0 1
cat_threshold=8
is_linear=0
shrinkage=0.08


Tree=13
num_leaves=6
num_cat=0
split_feature=10 17 6 17 8
split_gain=4.48203 0.74246 0.657562 0.673564 0.1024
threshold=5625.4000000000005 209.41500000000005 30.000000000000004 156.10000000000005 27.935000000000006
decision_type=2 8 2 10 2
left_child=1 2 -1 -4 -5
right_child=-2 -3 3 4 -6
leaf_value=0.0024504025403810541 -0.090239412683533443 0.0080562915230412337 0.0034498798999837493 0.00066958888259255887 -0.00044377644834025441
leaf_weight=34 502 20 23 20 24
leaf_count=34 502 20 23 20 24
internal_value=-0.00465385 0.00911475 0.00619608 0.00152941 -0.00426667
internal_weight=623 121 101 67 44
internal_count=623 121 101 67 44
is_linear=0
shrinkage=0.08


Tree=14
num_leaves=6
num_cat=1
split_feature=19 17 18 5 12
split_gain=4.0228 0.788302 0.807932 0.785357 0.391981
threshold=0 209.41500000000005 0.84050000000000014 1173.9000000000003 1866.8500000000001
decision_type=1 8 2 2 2
left_child=1 2 -1 4 -4
right_child=-2 -3 3 -5 -6
leaf_value=-0.00014282715818325062 -0.083020259668850752 0.0074117882011979453 0.0024900842694272709 -0.0003631794726785894 0.0035392393410410426
leaf_weight=30 504 20 25 24 20
leaf_count=30 504 20 25 24 20
internal_value=-0.00478205 0.00806154 0.00568 0.0104 0.0165217
internal_weight=623 119 99 69 45
internal_count=623 119 99 69 45
cat_boundaries=0 1
cat_threshold=8
is_linear=0
shrinkage=0.08


Tree=15
num_leaves=5
num_cat=0
split_feature=10 15 13 6
split_gain=3.50873 0.86175 0.74603 1.09106
threshold=5625.4000000000005 0.62100000000000011 0.55300000000000016 36.900000000000013
decision_type=2 10 10 2
left_child=1 -1 -3 -4
right_child=-2 2 3 -5
leaf_value=0.005208372040552133 -0.076378638895342701 -0.00034004920358037601 0.0063150266098925155 -0.00019942823597321154
leaf_weight=29 502 36 28 28
leaf_count=29 502 36 28 28
internal_value=-0.00503846 0.00714754 0.00326882 0.00898245
internal_weight=623 121 92 56
internal_count=623 121 92 56
is_linear=0
shrinkage=0.08


Tree=16
num_leaves=5
num_cat=0
split_feature=10 15 13 6
split_gain=2.9258 1.06591 0.532337 0.448066
threshold=5625.4000000000005 0.62100000000000011 0.54350000000000021 36.20000000000001
decision_type=2 10 10 2
left_child=1 -1 -3 -4
right_child=-2 2 3 -5
leaf_value=0.0047917022773079892 -0.070268347783715268 -0.00034377582367826009 0.0056945952333991969 -8.8336448268292063e-05
leaf_weight=29 502 27 31 34
leaf_count=29 502 27 31 34
internal_value=-0.00529487 0.00583606 0.00154839 0.00545454
internal_weight=623 121 92 65
internal_count=623 121 92 65
is_linear=0
shrinkage=0.08


Tree=17
num_leaves=12
num_cat=0
split_feature=6 8 5 5 13 14 8 11 11 2 12
split_gain=0.276542 0.211014 0.124092 0.22996 0.268385 0.215783 0.215969 0.0416544 0.0328447 0.0232288 0.0175917
threshold=10.150000000000002 28.950000000000003 1173.9000000000003 1095.7500000000002 0.55300000000000016 0.79400000000000015 27.985000000000003 63.245000000000012 62.510000000000005 300.00000000000006 1692.6000000000001
decision_type=2 2 2 2 10 10 2 2 2 2 2
left_child=-1 2 3 4 7 6 -6 -2 -8 -7 -4
right_child=1 -3 10 -5 5 9 8 -9 -10 -11 -12
leaf_value=0.0036677830151446186 -0.003053468292712299 0.0014016218007230883 -0.0032143848430938359 -0.0026637703993652351 -0.00039930866985368383 0.0017266741858026474 -0.0084450645012089272 -0.011177713540508331 -0.0082967841778765136 -0.0056296703945351292 -0.0064391772192498239
leaf_weight=20 20 25 35 35 25 20 20 180 60 20 163
leaf_count=20 20 25 35 35 25 20 20 180 60 20 163
internal_value=-0.00529487 -0.00560265 -0.00591365 -0.00503937 -0.00566474 -0.0030137 -0.00490566 -0.00756219 -0.00691358 0.00195122 -0.00755779
internal_weight=623 603 578 380 345 145 105 200 80 40 198
internal_count=623 603 578 380 345 145 105 200 80 40 198
is_linear=0
shrinkage=0.08


Tree=18
num_leaves=6
num_cat=0
split_feature=10 14 11 18 11
split_gain=5.57402 0.520775 0.706515 0.821675 0.761262
threshold=5625.4000000000005 0.81950000000000001 72.805000000000021 0.86950000000000005 67.855000000000004
decision_type=2 10 2 2 2
left_child=1 2 3 -1 -5
right_child=-2 -3 -4 4 -6
leaf_value=-0.00049432833346188445 -0.064156957555142155 -0.00011755011672201454 0.0033679581718403418 0.0053752288731287838 0.00038444361610654343
leaf_weight=26 502 21 20 33 21
leaf_count=26 502 21 20 33 21
internal_value=-0.00426923 0.011082 0.0134653 0.00987654 0.0154182
internal_weight=623 121 100 80 54
internal_count=623 121 100 80 54
is_linear=0
shrinkage=0.08


Tree=19
num_leaves=6
num_cat=0
split_feature=10 5 14 15 13
split_gain=3.50873 1.17496 1.08647 0.517912 0.447942
threshold=5625.4000000000005 1336.7500000000002 0.79400000000000015 0.71850000000000003 0.48000000000000004
decision_type=2 2 8 10 10
left_child=1 2 3 4 -1
right_child=-2 -3 -4 -5 -6
leaf_value=0.0014018726684059651 -0.059024400950730797 -0.00066574767288219371 0.0075385620075622082 -0.00019874071599701475 0.0027074130498219639
leaf_weight=23 502 26 26 22 24
leaf_count=23 502 26 26 22 24
internal_value=-0.00503846 0.00714754 0.01125 0.00582857 0.0105
internal_weight=623 121 95 69 47
internal_count=623 121 95 69 47
is_linear=0
shrinkage=0.08


Tree=20
num_leaves=6
num_cat=0
split_feature=10 5 14 15 14
split_gain=2.9258 0.978712 0.931344 0.477785 0.425815
threshold=5625.4000000000005 1336.7500000000002 0.80200000000000016 0.72050000000000003 0.72500000000000009
decision_type=2 2 8 10 10
left_child=1 2 3 4 -1
right_child=-2 -3 -4 -5 -6
leaf_value=0.00092451015923782304 -0.054302448874672331 -0.0006124878590516009 0.006961085977440982 -0.00058879823466133081 0.0032439374122866724
leaf_weight=29 502 26 22 23 21
leaf_count=29 502 26 22 23 21
internal_value=-0.00529487 0.00583606 0.00958333 0.00508108 0.00941176
internal_weight=623 121 95 73 50
internal_count=623 121 95 73 50
is_linear=0
shrinkage=0.08


Tree=21
num_leaves=5
num_cat=0
split_feature=10 5 16 11
split_gain=2.15033 0.857934 0.677138 0.400846
threshold=5625.4000000000005 1208.6500000000003 0.0016950000000000001 66.055000000000021
decision_type=2 2 8 2
left_child=1 2 3 -1
right_child=-2 -3 -4 -5
leaf_value=0.0030959207036567395 -0.049958252964698538 -0.00015071355089895996 0.0064041990992457247 -0.00038894984622182371
leaf_weight=30 502 39 22 30
leaf_count=30 502 39 22 30
internal_value=-0.00567949 0.00386885 0.00848193 0.00393442
internal_weight=623 121 82 60
internal_count=623 121 82 60
is_linear=0
shrinkage=0.08


Tree=22
num_leaves=5
num_cat=0
split_feature=10 16 9 6
split_gain=1.91822 0.670627 0.503415 0.509412
threshold=5625.4000000000005 0.0016950000000000001 39.300000000000004 47.600000000000001
decision_type=2 8 2 2
left_child=1 2 -1 -4
right_child=-2 -3 3 -5
leaf_value=-0.00018289914735704536 -0.045961592727522642 0.0058470475429594848 0.0026660752690207535 -0.00051009627202064009
leaf_weight=34 502 29 34 24
leaf_count=34 502 29 34 24
internal_value=-0.00580769 0.00321311 -0.000172045 0.00433898
internal_weight=623 121 92 58
internal_count=623 121 92 58
is_linear=0
shrinkage=0.08


Tree=23
num_leaves=6
num_cat=0
split_feature=10 17 9 18 12
split_gain=1.91822 0.993771 0.350392 0.364681 0.403284
threshold=5625.4000000000005 209.41500000000005 36.850000000000001 0.86950000000000005 1829.2500000000002
decision_type=2 8 2 2 2
left_child=1 2 -1 -4 -5
right_child=-2 -3 3 4 -6
leaf_value=-0.00035752976513053948 -0.042284665309320825 0.0044022320401652711 -0.0010035581810907519 0.00539836128032128 -3.4070275088995681e-05
leaf_weight=27 502 20 26 20 28
leaf_count=27 502 20 26 20 28
internal_value=-0.00580769 0.00321311 -7.84333e-05 0.00277333 0.00685714
internal_weight=623 121 101 74 48
internal_count=623 121 101 74 48
is_linear=0
shrinkage=0.08


Tree=24
num_leaves=5
num_cat=0
split_feature=10 13 13 18
split_gain=1.301 0.77555 0.518585 0.543541
threshold=5625.4000000000005 0.43850000000000006 0.55600000000000016 1.0315000000000001
decision_type=2 10 10 2
left_child=1 -1 -3 -4
right_child=-2 2 3 -5
leaf_value=0.0058633107911354515 -0.038901892084575146 -0.00038365700301516616 0.003700103238712775 -0.00052976883511827901
leaf_weight=20 502 46 29 26
leaf_count=20 502 46 29 26
internal_value=-0.00619231 0.0012459 -0.00164706 0.00357143
internal_weight=623 121 101 55
internal_count=623 121 101 55
is_linear=0
shrinkage=0.08


Tree=25
num_leaves=5
num_cat=0
split_feature=10 9 13 13
split_gain=0.95547 0.698764 0.260904 0.437435
threshold=5625.4000000000005 41.150000000000013 0.55600000000000016 0.60600000000000009
decision_type=2 2 8 10
left_child=1 2 -1 -4
right_child=-2 -3 3 -5
leaf_value=-0.00042371137504307039 -0.035789740717809132 0.0022173272684522945 0.0042214718144391932 -0.00035889636538101346
leaf_weight=45 502 30 25 21
leaf_count=45 502 30 25 21
internal_value=-0.00644872 -6.55757e-05 -0.00356522 0.000680849
internal_weight=623 121 91 46
internal_count=623 121 91 46
is_linear=0
shrinkage=0.08


Tree=26
num_leaves=6
num_cat=1
split_feature=19 17 7 7 5
split_gain=0.721128 0.573921 0.190639 0.316015 0.1024
threshold=0 209.41500000000005 48.500000000000007 54.500000000000007 916.10000000000014
decision_type=1 8 2 2 2
left_child=1 2 -1 -4 -5
right_child=-2 -3 3 4 -6
leaf_value=-0.00060646238437950229 -0.032976978993475702 0.003399021890674292 0.0058754842013544837 0.00015592418426128908 -0.00033343441266088541
leaf_weight=35 504 20 20 20 24
leaf_count=35 504 20 20 20 24
internal_value=-0.00657692 -0.000553848 -0.00312 -0.00049231 -0.00426667
internal_weight=623 119 99 64 44
internal_count=623 119 99 64 44
cat_boundaries=0 1
cat_threshold=8
is_linear=0
shrinkage=0.08


Tree=27
num_leaves=6
num_cat=0
split_feature=10 17 7 7 5
split_gain=0.802486 0.583457 0.180847 0.328933 0.106541
threshold=5625.4000000000005 209.41500000000005 48.500000000000007 54.500000000000007 916.10000000000014
decision_type=2 8 2 2 2
left_child=1 2 -1 -4 -5
right_child=-2 -3 3 4 -6
leaf_value=-0.00055794539362917321 -0.030288403140906341 0.0031271001394203649 0.0054054454652461481 0.00014345024952040709 -0.00030892625788270288
leaf_weight=35 502 20 20 20 26
leaf_count=35 502 20 20 20 26
internal_value=-0.00657692 -0.000721313 -0.00321569 -0.00071642 -0.00442553
internal_weight=623 121 101 66 46
internal_count=623 121 101 66 46
is_linear=0
shrinkage=0.08


Tree=28
num_leaves=6
num_cat=0
split_feature=10 17 7 7 5
split_gain=0.802486 0.583457 0.180847 0.328933 0.106541
threshold=5625.4000000000005 209.41500000000005 48.500000000000007 54.500000000000007 916.10000000000014
decision_type=2 8 2 2 2
left_child=1 2 -1 -4 -5
right_child=-2 -3 3 4 -6
leaf_value=-0.0005133097621388647 -0.027865330889633836 0.0028769321282667315 0.0049730098280264222 0.0001319742295587445 -0.00028421215725211334
leaf_weight=35 502 20 20 20 26
leaf_count=35 502 20 20 20 26
internal_value=-0.00657692 -0.000721313 -0.00321569 -0.00071642 -0.00442553
internal_weight=623 121 101 66 46
internal_count=623 121 101 66 46
is_linear=0
shrinkage=0.08


Tree=29
num_leaves=5
num_cat=0
split_feature=10 17 3 6
split_gain=0.95547 0.522705 0.317847 0.224469
threshold=5625.4000000000005 209.41500000000005 6.5500000000000016 42.500000000000007
decision_type=2 8 2 2
left_child=1 2 -1 -4
right_child=-2 -3 3 -5
leaf_value=0.0023793405935221552 -0.025636104418463122 0.0026467775580053979 -0.00048197546802617911 0.00069332893779157042
leaf_weight=23 502 20 52 26
leaf_count=23 502 20 52 26
internal_value=-0.00644872 -6.55757e-05 -0.00243137 -0.00486076
internal_weight=623 121 101 78
internal_count=623 121 101 78
is_linear=0
shrinkage=0.08


Tree=30
num_leaves=6
num_cat=0
split_feature=10 17 7 7 5
split_gain=0.802486 0.583457 0.180847 0.328933 0.106541
threshold=5625.4000000000005 209.41500000000005 48.500000000000007 54.500000000000007 916.10000000000014
decision_type=2 8 2 2 2
left_child=1 2 -1 -4 -5
right_child=-2 -3 3 4 -6
leaf_value=-0.00046985594115647234 -0.023585216064986064 0.002435035353364996 0.0043848217943025982 0.00015057193598216613 -0.00030040800063706359
leaf_weight=35 502 20 20 20 26
leaf_count=35 502 20 20 20 26
internal_value=-0.00657692 -0.000721313 -0.00321569 -0.00071642 -0.00442553
internal_weight=623 121 101 66 46
internal_count=623 121 101 66 46
is_linear=0
shrinkage=0.08


Tree=31
num_leaves=5
num_cat=0
split_feature=10 13 13 13
split_gain=0.66269 0.319133 0.289873 0.364953
threshold=5625.4000000000005 0.43850000000000006 0.55600000000000016 0.60600000000000009
decision_type=2 10 10 10
left_child=1 -1 -3 -4
right_child=-2 2 3 -5
leaf_value=0.0039137719008494175 -0.02169839877978718 -0.00048179790109086784 0.002700057932710997 -0.00018462308240663926
leaf_weight=20 502 46 25 30
leaf_count=20 502 46 25 30
internal_value=-0.00670513 -0.00137705 -0.00321569 0.000714284
internal_weight=623 121 101 55
internal_count=623 121 101 55
is_linear=0
shrinkage=0.08


Tree=32
num_leaves=7
num_cat=1
split_feature=19 17 7 7 5 5
split_gain=0.690162 0.573921 0.190639 0.316015 0.1024 0.0452436
threshold=0 209.41500000000005 48.500000000000007 54.500000000000007 916.10000000000014 1636.9000000000003
decision_type=1 8 2 2 2 2
left_child=1 2 -1 -4 -5 -2
right_child=5 -3 3 4 -6 -7
leaf_value=-0.0006121031030499655 -0.020257783928969483 0.0020145182227183549 0.0038180314161414962 -0.00017457557096435539 -0.00022905152118032402 -0.018006513459263438
leaf_weight=35 484 20 20 20 24 20
leaf_count=35 484 20 20 20 24 20
internal_value=-0.00644872 -0.000553848 -0.00312 -0.00049231 -0.00426667 -0.00767379
internal_weight=623 119 99 64 44 504
internal_count=623 119 99 64 44 504
cat_boundaries=0 1
cat_threshold=8
is_linear=0
shrinkage=0.08


Tree=33
num_leaves=7
num_cat=0
split_feature=10 13 13 13 5 5
split_gain=0.600284 0.319133 0.289873 0.364953 0.0413568 0.0202199
threshold=5625.4000000000005 0.43850000000000006 0.55600000000000016 0.60600000000000009 1636.9000000000003 653.85000000000014
decision_type=2 10 10 10 2 2
left_child=1 -1 -3 -4 5 -2
right_child=4 2 3 -5 -6 -7
leaf_value=0.0034395086909639961 -0.028063664128382806 -0.00040960791691198507 0.0023702557374168428 -0.00015909545563623894 -0.016565992382522356 -0.01831669239142256
leaf_weight=20 36 46 25 30 20 446
leaf_count=20 36 46 25 30 20 446
internal_value=-0.00644872 -0.00137705 -0.00321569 0.000714284 -0.00766601 -0.00781781
internal_weight=623 121 101 55 502 482
internal_count=623 121 101 55 502 482
is_linear=0
shrinkage=0.08


Tree=34
num_leaves=7
num_cat=1
split_feature=19 13 13 5 5 5
split_gain=0.521798 0.341124 0.74675 0.130233 0.0413812 0.0202301
threshold=0 0.55600000000000016 0.58650000000000013 825.25000000000011 1636.9000000000003 653.85000000000014
decision_type=1 8 10 2 2 2
left_child=1 3 -3 -1 5 -2
right_child=4 2 -4 -5 -6 -7
leaf_value=-0.00028836166411741915 -0.025818570998112175 0.003322968443856811 -0.00014253204728803317 -0.00036438408035173697 -0.015240712991920572 -0.016851357000108751
leaf_weight=20 36 20 37 42 20 448
leaf_count=20 36 20 37 42 20 448
internal_value=-0.00644872 -0.00116923 0.00317241 -0.00533334 -0.00751845 -0.00781856
internal_weight=623 119 57 62 504 484
internal_count=623 119 57 62 504 484
cat_boundaries=0 1
cat_threshold=8
is_linear=0
shrinkage=0.08


Tree=35
num_leaves=9
num_cat=0
split_feature=10 17 6 6 10 10 5 6
split_gain=0.700418 0.274774 0.343535 0.935416 0.05097 0.122902 0.0449355 0.0270201
threshold=5625.4000000000005 132.13000000000002 36.20000000000001 26.000000000000004 6745.7500000000009 6786.2000000000007 1636.9000000000003 66.800000000000011
decision_type=2 10 2 2 2 2 2 2
left_child=1 -1 3 -3 6 -6 -2 -4
right_child=4 2 7 -5 5 -7 -8 -9
leaf_value=0.00289851052017834 -0.016880131678794028 -0.00037574139480867031 -0.00073555290968372147 0.002309095704319739 -0.0029706444996337694 -0.011834830446938687 -0.014021455952566928 -0.0013955340626901019
leaf_weight=20 426 24 37 20 20 36 20 20
leaf_count=20 426 24 37 20 20 36 20 20
internal_value=-0.00619231 -0.000721313 -0.00243137 0.00284444 -0.00750696 -0.00505263 -0.00780313 -0.00648276
internal_weight=623 121 101 44 502 56 446 57
internal_count=623 121 101 44 502 56 446 57
is_linear=0
shrinkage=0.08


Tree=36
num_leaves=9
num_cat=0
split_feature=10 11 15 16 12 13 7 6
split_gain=0.636227 0.448926 0.574994 0.260748 0.0581868 0.224851 0.0314455 0.0405264
threshold=5625.4000000000005 67.64500000000001 0.70300000000000007 0.00012000000000000002 1822.5500000000002 0.60150000000000003 41.000000000000007 59.45000000000001
decision_type=2 2 8 8 2 10 2 2
left_child=1 2 -1 -3 -2 6 -6 -8
right_child=4 3 -4 -5 5 -7 7 -9
leaf_value=-0.00067282046204405739 -0.014152837905796521 -0.00027135327836765852 0.0021243680479741812 0.00076399706178144843 -0.012363492581319045 -0.0019570140493957956 -0.01921628465037924 -0.019252946583871201
leaf_weight=28 286 50 20 23 20 28 148 20
leaf_count=28 286 50 20 23 20 28 148 20
internal_value=-0.0059359 -0.000721313 0.00522449 -0.00464865 -0.00718887 -0.00611982 -0.00711111 -0.00747929
internal_weight=623 121 48 73 502 216 188 168
internal_count=623 121 48 73 502 216 188 168
is_linear=0
shrinkage=0.08


Tree=37
num_leaves=9
num_cat=0
split_feature=10 13 13 13 12 13 5 7
split_gain=0.512457 0.319133 0.289873 0.364953 0.0581868 0.224851 0.0314455 0.0405264
threshold=5625.4000000000005 0.43850000000000006 0.55600000000000016 0.60600000000000009 1822.5500000000002 0.60150000000000003 1208.6500000000003 42.500000000000007
decision_type=2 10 10 10 2 10 2 2
left_child=1 -1 -3 -4 -2 6 7 -6
right_child=4 2 3 -5 5 -7 -8 -9
leaf_value=0.0025946269950313417 -0.013020610873332804 -0.00028152855356462124 0.0018344117443131161 -0.00017929219524254406 -0.0085629407832817674 -0.0018004529254441271 -0.010755242354185342 -0.018960526766692753
leaf_weight=20 286 46 25 30 20 28 20 148
leaf_count=20 286 46 25 30 20 28 20 148
internal_value=-0.0060641 -0.00137705 -0.00321569 0.000714284 -0.00718887 -0.00611982 -0.00711111 -0.00747929
internal_weight=623 121 101 55 502 216 188 168
internal_count=623 121 101 55 502 216 188 168
is_linear=0
shrinkage=0.08


Tree=38
num_leaves=9
num_cat=0
split_feature=10 13 13 13 12 13 5 7
split_gain=0.512457 0.319133 0.289873 0.364953 0.0581868 0.224851 0.0314455 0.0405264
threshold=5625.4000000000005 0.43850000000000006 0.55600000000000016 0.60600000000000009 1822.5500000000002 0.60150000000000003 1208.6500000000003 42.500000000000007
decision_type=2 10 10 10 2 10 2 2
left_child=1 -1 -3 -4 -2 6 7 -6
right_child=4 2 3 -5 5 -7 -8 -9
leaf_value=0.0023870568354288448 -0.011978962003466176 -0.00025900626927944769 0.0016876588047680778 -0.00016494881962315404 -0.0078779055206192328 -0.001656416691408602 -0.0098948229658505221 -0.017443684625357329
leaf_weight=20 286 46 25 30 20 28 20 148
leaf_count=20 286 46 25 30 20 28 20 148
internal_value=-0.0060641 -0.00137705 -0.00321569 0.000714284 -0.00718887 -0.00611982 -0.00711111 -0.00747929
internal_weight=623 121 101 55 502 216 188 168
internal_count=623 121 101 55 502 216 188 168
is_linear=0
shrinkage=0.08


Tree=39
num_leaves=9
num_cat=0
split_feature=10 13 13 13 0 16 10 6
split_gain=0.484723 0.319133 0.289873 0.364953 0.0871717 0.284374 0.0654466 0.113852
threshold=5625.4000000000005 0.43850000000000006 0.55600000000000016 0.60600000000000009 247.50000000000003 -0.0022199999999999998 6745.7500000000009 34.600000000000001
decision_type=2 10 10 10 2 8 2 2
left_child=1 -1 -3 -4 5 -2 -6 -8
right_child=4 2 3 -5 6 -7 7 -9
leaf_value=0.0021960922885945647 2.5118920622677622e-05 -0.00023828576773711929 0.0015526461003865968 -0.00015175291405326692 -0.013279222461872728 -0.016710415119554643 -0.0015258703026499682 -0.0095472567609033686
leaf_weight=20 36 46 25 30 348 68 20 30
leaf_count=20 36 46 25 30 348 68 20 30
internal_value=-0.0059359 -0.00137705 -0.00321569 0.000714284 -0.00702982 -0.00487619 -0.00757895 -0.00470588
internal_weight=623 121 101 55 502 104 398 50
internal_count=623 121 101 55 502 104 398 50
is_linear=0
shrinkage=0.08


Tree=40
num_leaves=10
num_cat=0
split_feature=10 9 13 13 0 14 10 6 6
split_gain=0.575121 0.338793 0.260099 0.425426 0.148548 0.337655 0.0654466 0.113852 0.0320802
threshold=5625.4000000000005 41.050000000000004 0.55600000000000016 0.60600000000000009 247.50000000000003 0.80550000000000022 6745.7500000000009 34.600000000000001 48.600000000000001
decision_type=2 2 8 10 2 10 2 2 2
left_child=1 2 -1 -4 5 8 -6 -8 -2
right_child=4 -3 3 -5 6 -7 7 -9 -10
leaf_value=-0.0003201087553991588 -0.024783650385423597 0.00019759671980219351 0.0012492814332554746 -0.001261825138382946 -0.012216884664922909 0.00025866259480759239 -0.0014038006784379724 -0.0087834762200310959 -0.0084307134041895545
leaf_weight=42 56 34 25 20 348 28 20 30 20
leaf_count=42 56 34 25 20 348 28 20 30 20
internal_value=-0.00567949 -0.000721313 -0.00336364 0.000869563 -0.00687078 -0.00411429 -0.00757895 -0.00470588 -0.00685714
internal_weight=623 121 87 45 502 104 398 50 76
internal_count=623 121 87 45 502 104 398 50 76
is_linear=0
shrinkage=0.08


Tree=41
num_leaves=11
num_cat=0
split_feature=10 13 17 13 17 10 11 13 16 16
split_gain=0.545724 0.430249 0.917625 0.164252 0.538699 0.130233 0.074922 0.0393108 0.00947362 0.0250919
threshold=5625.4000000000005 0.55600000000000016 198.93500000000003 0.59300000000000008 198.93500000000003 4908.1500000000005 66.055000000000021 0.38400000000000006 -0.0051649999999999986 -0.0066149999999999985
decision_type=2 8 10 10 10 2 2 8 8 10
left_child=1 5 -3 7 -5 -1 -6 -2 9 -9
right_child=3 2 -4 4 6 -7 -8 8 -10 -11
leaf_value=-0.00099696856303674807 -0.0019066248180234474 0.0015290897809688898 -0.00054862772714711616 0.0012051942622490369 -0.0066873949294848269 1.455376603639088e-05 -0.0056655804939382097 -0.0090289584527382203 -0.013630407508330425 -0.025704388259162662
leaf_weight=42 20 22 37 20 72 20 34 32 304 20
leaf_count=42 20 22 37 20 72 20 34 32 304 20
internal_value=-0.00555128 -0.000721313 0.00413333 -0.00671173 -0.00415748 -0.00533334 -0.00642991 -0.00755438 -0.0077535 -0.00633962
internal_weight=623 121 59 502 126 62 106 376 356 52
internal_count=623 121 59 502 126 62 106 376 356 52
is_linear=0
shrinkage=0.08


Tree=42
num_leaves=11
num_cat=0
split_feature=10 13 13 13 17 8 8 18 7 7
split_gain=0.700138 0.827596 0.619264 0.167567 0.84926 0.170519 0.129446 0.0396416 0.0130909 0.0216993
threshold=4826.5000000000009 0.55300000000000016 0.59300000000000008 0.59300000000000008 198.93500000000003 28.950000000000003 27.780000000000005 1.3645000000000003 103.00000000000001 114.00000000000001
decision_type=2 8 10 10 10 2 2 2 2 2
left_child=1 -1 -3 5 -5 7 -6 8 -2 -10
right_child=3 2 -4 4 6 -7 -8 -9 9 -11
leaf_value=-0.0018417096294705145 -0.0089548473123626741 0.0021605070222669022 -6.6178482846167429e-05 0.0014073711450303867 -0.0032673288365254721 -0.0011819506204771152 -0.0061719580224179581 -0.0061341141765303203 -0.0055097567172124641 -0.0058784592556401253
leaf_weight=31 327 20 21 21 24 20 94 20 20 25
leaf_count=31 327 20 21 21 24 20 94 20 20 25
internal_value=-0.00542308 0.0019726 0.00933333 -0.00639131 -0.00394286 -0.00720581 -0.00658824 -0.00757252 -0.00776408 -0.00608696
internal_weight=623 72 41 551 139 412 118 392 372 45
internal_count=623 72 41 551 139 412 118 392 372 45
is_linear=0
shrinkage=0.08


Tree=43
num_leaves=11
num_cat=0
split_feature=10 5 14 12 5 13 17 8 14 5
split_gain=1.66302 0.717647 0.827433 0.771105 0.255752 0.143851 0.538699 0.140642 0.0872469 0.0441018
threshold=5625.4000000000005 1336.7500000000002 0.79400000000000015 1745.6500000000003 814.55000000000007 0.59300000000000008 198.93500000000003 27.780000000000005 0.59150000000000003 1636.9000000000003
decision_type=2 2 8 2 2 10 10 2 8 2
left_child=1 2 3 -1 -5 8 -7 -8 -2 -10
right_child=5 -3 -4 4 -6 6 7 -9 9 -11
leaf_value=0.00033505608972427616 -0.0062146207060868311 -0.0016469296790369091 0.001047645346851422 0.00033676268102663309 -0.0019992422805558381 0.00099618902966667707 -0.0026995940030627719 -0.0070784571810177622 -0.01187797330404694 -0.0059494359461989355
leaf_weight=20 36 26 26 20 29 20 22 84 320 20
leaf_count=20 36 26 26 20 29 20 22 84 320 20
internal_value=-0.00452564 0.00386885 0.00708333 0.0024 -0.00304 -0.00655269 -0.00415748 -0.00642991 -0.00734218 -0.00774194
internal_weight=623 121 95 69 49 502 126 106 376 340
internal_count=623 121 95 69 49 502 126 106 376 340
is_linear=0
shrinkage=0.08


Tree=44
num_leaves=12
num_cat=1
split_feature=10 18 11 6 9 19 16 15 8 0 9
split_gain=1.36635 0.54725 0.635548 0.319494 0.789114 0.192939 0.353407 0.450083 0.147026 0.0861883 0.151219
threshold=5625.4000000000005 0.7420000000000001 64.810000000000016 50.45000000000001 38.850000000000001 0 -0.0022199999999999998 0.71850000000000003 28.510000000000002 247.50000000000003 36.850000000000001
decision_type=2 2 2 2 2 1 8 10 2 2 2
left_child=1 -1 -3 4 -4 6 7 -2 -8 10 -7
right_child=5 2 3 -5 -6 9 8 -9 -10 -11 -12
leaf_value=-0.0013959377342461614 -0.0013916366255022187 0.0012109696514347903 -0.0012490381309414045 -0.00084613541926231793 0.00041818987559777616 -0.0054033378577715572 -0.0064873284498703689 0.00091198782377191706 -0.00051549017623644001 -0.014464832139838919 -0.017370868075182712
leaf_weight=23 24 21 24 26 27 33 62 20 20 298 45
leaf_count=23 24 21 24 26 27 33 62 20 20 298 45
internal_value=-0.00439744 0.00321311 0.00581818 0.00235897 0.006 -0.00623459 -0.00268613 0.00284444 -0.00597591 -0.00715246 -0.00486076
internal_weight=623 121 98 77 51 502 126 44 82 376 78
internal_count=623 121 98 77 51 502 126 44 82 376 78
cat_boundaries=0 1
cat_threshold=16
is_linear=0
shrinkage=0.08


Tree=45
num_leaves=13
num_cat=0
split_feature=10 5 14 12 5 13 14 5 14 18 7 13
split_gain=1.27604 0.639505 0.948385 0.483486 0.255752 0.179688 0.572701 0.351865 0.191249 0.0443152 0.132376 0.0350155
threshold=5625.4000000000005 1336.7500000000002 0.79400000000000015 1745.6500000000003 814.55000000000007 0.58750000000000002 0.7915000000000002 1081.2 0.59150000000000003 0.76400000000000012 60.500000000000007 0.64250000000000018
decision_type=2 2 8 2 2 10 10 2 8 2 2 10
left_child=1 2 3 -1 -5 8 11 -8 -2 10 -10 -7
right_child=5 -3 -4 4 -6 6 7 -9 9 -11 -12 -13
leaf_value=0.00027479641249848931 -0.0050868246316177392 -0.0014313683819176888 0.00098122234796053009 0.0002700242670200242 -0.0018437321432865268 -0.005868217400847961 0.0011763933587718158 -0.0019399864044359701 -0.011677776833626405 -0.010789135333658899 -0.0065982376524131329 -0.002850840296494574
leaf_weight=20 36 26 26 20 29 74 20 28 44 260 20 20
leaf_count=20 36 26 26 20 29 74 20 28 44 260 20 20
internal_value=-0.00414103 0.00321311 0.00625 0.00125714 -0.00304 -0.0059165 -0.00346853 0.00359183 -0.00686981 -0.00748308 -0.00541539 -0.00707369
internal_weight=623 121 95 69 49 502 142 48 360 324 64 94
internal_count=623 121 95 69 49 502 142 48 360 324 64 94
is_linear=0
shrinkage=0.08


Tree=46
num_leaves=13
num_cat=1
split_feature=19 5 14 11 13 8 10 15 2 5 10 5
split_gain=1.20443 0.524156 0.790009 0.522435 0.427412 0.441936 0.175777 0.0788943 0.283603 0.0350544 0.0408931 0.0259048
threshold=0 1336.7500000000002 0.79400000000000015 72.105000000000018 0.42450000000000004 27.835000000000004 4916.1500000000005 0.75650000000000006 277.50000000000006 1619.9500000000003 6766.4500000000007 1442.4000000000003
decision_type=1 2 10 2 10 2 2 10 2 2 2 2
left_child=1 2 4 -4 -1 -6 -7 9 -9 10 -2 -3
right_child=7 11 3 -5 5 6 -8 8 -10 -11 -12 -13
leaf_value=0.00095404757908848427 -0.01612446980062588 -0.0018031161606388312 0.00099912907614486154 1.649769419216751e-05 0.00060974207227721994 -2.0692514868426862e-05 -0.0026764969224568297 0.00101088366592416 -0.014478995857475471 -0.0098623353095725046 -0.0054422606295568485 -0.0016731967691041699
leaf_weight=37 270 20 22 22 20 32 58 21 45 21 21 34
leaf_count=37 270 20 22 22 20 32 58 21 45 21 21 34
internal_value=-0.00401282 0.000468748 0.00245833 0.0117333 -0.00037838 -0.00288288 -0.00527473 -0.0067455 -0.00429851 -0.00746326 -0.00769863 -0.0064
internal_weight=623 245 191 44 147 110 90 378 66 312 291 54
internal_count=623 245 191 44 147 110 90 378 66 312 291 54
cat_boundaries=0 1
cat_threshold=24
is_linear=0
shrinkage=0.08


Tree=47
num_leaves=13
num_cat=1
split_feature=19 7 18 14 16 0 16 7 10 11 7 10
split_gain=1.48432 0.611847 0.740212 0.484687 0.321768 0.225081 0.355159 0.154524 0.295793 0.128544 0.0410158 0.0259048
threshold=0 66.500000000000014 0.96750000000000014 0.59150000000000003 -0.0032849999999999993 247.50000000000003 -0.0023649999999999995 47.500000000000007 6355.4000000000005 67.930000000000021 31.500000000000004 5850.3000000000002
decision_type=1 2 2 10 10 2 8 2 2 2 2 2
left_child=1 3 -3 -1 9 6 -2 -6 -9 -5 -7 -8
right_child=5 2 -4 4 7 10 11 8 -10 -11 -12 -13
leaf_value=0.004387058445714782 0.0010816879446304253 0.00054735539596614347 -0.0008307179571243943 0.00022560649096849936 -0.0013599190590476875 -0.026138103302128051 -0.036527664388982854 0.00038834507319916159 -0.0024509838191347512 -0.00082260369510020622 -0.011411092466876414 -0.019443851229493096
leaf_weight=22 24 32 39 20 57 21 20 26 26 23 279 34
leaf_count=22 24 32 39 20 57 21 20 26 26 23 279 34
internal_value=-0.0035 0.00140625 0.00766666 -0.00109714 -0.00271896 -0.00653985 -0.00283544 -0.00501818 -0.00181132 0.00309091 -0.00770764 -0.0064
internal_weight=623 245 71 174 152 378 78 109 52 43 300 54
internal_count=623 245 71 174 152 378 78 109 52 43 300 54
cat_boundaries=0 1
cat_threshold=24
is_linear=0
shrinkage=0.08


Tree=48
num_leaves=14
num_cat=1
split_feature=19 5 6 16 9 16 11 5 12 10 16 6 5
split_gain=1.11292 0.574562 0.416656 0.676719 0.778378 0.787524 0.718175 0.152447 0.0978766 0.096746 0.097404 0.0383714 0.0259048
threshold=0 1336.7500000000002 56.100000000000001 0.0012500000000000002 37.350000000000009 -0.0065049999999999995 64.625000000000014 1540.45 1791.8000000000002 6745.7500000000009 -0.0069399999999999991 12.200000000000001 1442.4000000000003
decision_type=1 2 2 10 2 10 2 2 2 2 8 2 2
left_child=1 2 3 4 -1 -6 -7 9 -4 10 -2 -12 -3
right_child=7 12 8 -5 5 6 -8 -9 -10 -11 11 -13 -14
leaf_value=-0.00023760990954006971 -0.003079678547703885 -0.0016802469273815843 -0.0012420729942736743 -0.00257801541315709 -0.0019642700795577078 0.00016104099993106033 0.0010672815439804429 -0.012023837886987729 1.2390207716132877e-05 -0.0035893446727655654 -0.02061966186041064 -0.013921624656615792 -0.0013904496449634862
leaf_weight=32 32 20 22 32 23 24 38 36 20 28 22 260 34
leaf_count=32 32 20 22 32 23 24 38 36 20 28 22 260 34
internal_value=-0.0035 0.000781248 0.002875 0.00485333 0.00766102 0.0116279 0.016254 -0.00612854 -0.00409303 -0.0068105 -0.0072127 -0.00768905 -0.0064
internal_weight=623 245 191 149 117 85 62 378 42 342 314 282 54
internal_count=623 245 191 149 117 85 62 378 42 342 314 282 54
cat_boundaries=0 1
cat_threshold=24
is_linear=0
shrinkage=0.08


Tree=49
num_leaves=15
num_cat=1
split_feature=19 16 16 5 0 9 6 9 17 15 13 5 8 9
split_gain=1.02421 0.428253 0.395203 0.447942 0.358856 0.356691 0.364644 0.371661 0.312399 0.264564 0.126473 0.102381 0.0345392 0.130236
threshold=0 -0.0026949999999999999 -0.0065049999999999995 1079.2500000000002 247.50000000000003 40.750000000000007 49.70000000000001 41.550000000000004 196.97500000000005 0.76350000000000018 0.64000000000000012 1020.5500000000001 28.475000000000005 41.45000000000001
decision_type=1 10 10 2 2 2 2 2 8 10 10 2 2 2
left_child=1 2 11 -4 8 9 7 -7 -2 -3 12 -1 -6 -14
right_child=4 5 3 -5 10 6 -8 -9 -10 -11 -12 -13 13 -15
leaf_value=-0.0039950332812728898 0.0011331906664678233 -0.0010942470705436417 0.00074089858099825529 -8.5950443606159011e-05 -0.01212765231887661 0.00050111204504579008 -0.00026430869364954551 -0.00016599886842178147 -0.025619063938992614 5.927446370200201e-06 -0.002788845460293963 0.00038652997293445136 -0.012814278704286782 -0.0088631614573635217
leaf_weight=21 39 72 24 23 204 20 24 20 39 21 24 20 21 51
leaf_count=21 39 72 24 23 204 20 24 20 39 21 24 20 21 51
internal_value=-0.00298718 0.00109375 0.00557303 0.0105 -0.00551157 -0.00136709 0.0032 0.00780488 -0.000810128 -0.00451064 -0.0069103 -0.000190478 -0.0073935 -0.00569863
internal_weight=623 245 88 47 378 157 64 40 78 93 300 41 276 72
internal_count=623 245 88 47 378 157 64 40 78 93 300 41 276 72
cat_boundaries=0 1
cat_threshold=24
is_linear=0
shrinkage=0.08


Tree=50
num_leaves=15
num_cat=0
split_feature=10 16 16 7 18 0 13 18 13 0 14 7 10 14
split_gain=1.2007 0.592091 0.667006 0.581522 0.459348 0.382641 0.319516 0.191443 0.226508 0.187165 0.247159 0.260876 0.0365611 0.0430245
threshold=5625.4000000000005 -0.0032849999999999993 -0.004429999999999999 66.500000000000014 1.2015000000000002 247.50000000000003 0.38400000000000006 1.0030000000000003 0.55600000000000016 247.50000000000003 0.77150000000000019 52.500000000000007 6829.6500000000005 0.89300000000000013
decision_type=2 8 10 2 2 2 8 2 10 2 10 2 2 10
left_child=3 2 5 4 7 -2 -3 8 -1 10 -8 -12 13 -11
right_child=1 6 -4 -5 -6 -7 9 -9 -10 12 11 -13 -14 -15
leaf_value=-0.0010120014444554982 0.00086562907553020528 0.00059586970208756697 0.00089145570896087968 0.00019609268217496648 0.00040899447112936597 -0.0023391703891147732 -0.018144807112890678 -0.00086022266789940744 4.7029045224903073e-05 -0.0066231052419050323 -0.0079363061059135442 0.00086173628807707011 -0.0039004218258527883 -0.011643308442019114
leaf_weight=23 24 20 36 33 20 62 36 24 21 240 24 20 20 20
leaf_count=23 24 20 36 33 20 62 36 24 21 240 24 20 20 20
internal_value=-0.00260257 -0.00432605 0.000520323 0.00452459 0.00107865 -0.00331035 -0.00587927 -0.00208696 0.00106666 -0.00642659 -0.00296296 0.00106666 -0.00740214 -0.00766284
internal_weight=623 502 122 121 88 86 380 68 44 360 80 44 280 260
internal_count=623 502 122 121 88 86 380 68 44 360 80 44 280 260
is_linear=0
shrinkage=0.08


Tree=51
num_leaves=14
num_cat=1
split_feature=19 18 18 16 15 13 14 13 13 18 11 7 18
split_gain=0.896197 0.53746 0.517092 0.464265 0.64168 0.734121 0.456129 0.360046 0.348798 0.256173 0.103362 0.038266 0.118039
threshold=0 0.7420000000000001 1.0030000000000003 -0.0022199999999999998 0.72950000000000015 0.58750000000000002 0.80200000000000016 0.63200000000000012 0.39400000000000007 0.84550000000000003 74.480000000000004 86.000000000000014 1.1365000000000001
decision_type=1 2 2 8 10 10 8 10 8 2 2 2 2
left_child=1 -1 -3 4 9 -6 -4 -7 -5 -2 11 -10 -13
right_child=3 2 6 8 5 7 -8 -9 10 -11 -12 12 -14
leaf_value=-0.0008351137618169748 -0.00092909620999495819 0.00041083874210482785 -0.00061555350107938016 0.00054820012592056043 -0.0068666637979256911 0.0018992822748729416 0.00030084870336356253 0.00058121331871326674 -0.007135098013262584 -0.0072355362033458374 -0.0043136807668788394 -0.0061407628469127527 -0.0040076461346958865
leaf_weight=22 39 37 39 20 28 20 21 20 212 69 28 46 22
leaf_count=22 39 37 39 20 28 20 21 20 212 69 28 46 22
internal_value=-0.00298718 0.00313846 0.00595918 -0.00441165 -0.00117514 0.00486956 0.00131147 0.0117073 -0.00627356 -0.00499083 -0.00693851 -0.00740214 -0.00556522
internal_weight=623 119 97 504 176 68 60 40 328 108 308 280 68
internal_count=623 119 97 504 176 68 60 40 328 108 308 280 68
cat_boundaries=0 1
cat_threshold=8
is_linear=0
shrinkage=0.08


Tree=52
num_leaves=15
num_cat=1
split_feature=19 17 13 13 0 7 5 17 0 10 17 10 16 0
split_gain=0.999781 0.513981 0.944999 0.421282 0.382311 0.328146 0.537996 0.308548 0.298926 0.340675 0.534783 0.250036 0.339203 0.139778
threshold=0 199.56000000000003 0.54250000000000009 0.38400000000000006 260.00000000000006 52.500000000000007 950.35000000000014 218.23000000000005 247.50000000000003 6046.8500000000013 196.97500000000005 6407.6500000000005 -0.0032849999999999993 305.00000000000006
decision_type=1 10 10 10 2 2 2 10 2 2 8 2 8 2
left_child=1 2 3 -1 -4 -5 -7 -3 9 10 -2 -10 -13 -14
right_child=8 7 4 5 -6 6 -8 -9 11 -11 -12 12 13 -15
leaf_value=0.0033984035638526633 0.0018914574437656315 -0.0007964508927000444 0.00024149879337363134 -0.0010004127479991852 0.00087485624977491335 -0.002832265846926303 0.00021822797878976875 8.9866055013613507e-05 -0.022303056037119209 -0.016982258338431797 -0.037491207541655712 0.00048846719965779835 -0.0046759086163483269 -0.0013277087078738901
leaf_weight=23 24 48 34 44 26 30 20 20 204 28 26 24 52 20
leaf_count=23 24 48 34 44 26 30 20 20 204 28 26 24 52 20
internal_value=-0.00260257 0.00140625 0.00373034 -0.000474578 0.0118033 -0.00286316 0.00156863 -0.0044058 -0.00510026 -0.000810128 0.00313725 -0.00637874 -0.00296907 -0.00569863
internal_weight=623 245 177 117 60 94 50 68 378 78 50 300 96 72
internal_count=623 245 177 117 60 94 50 68 378 78 50 300 96 72
cat_boundaries=0 1
cat_threshold=24
is_linear=0
shrinkage=0.08


Tree=53
num_leaves=15
num_cat=1
split_feature=19 7 17 10 17 18 2 5 7 5 17 7 13 10
split_gain=0.787262 0.415044 0.666831 1.25625 0.83138 0.521233 0.287622 0.556378 0.47145 0.250535 0.141994 0.130057 0.110345 0.039985
threshold=0 44.000000000000007 198.72500000000002 6659.1500000000005 169.91500000000002 0.89950000000000008 277.50000000000006 1009.35 51.500000000000007 1005.5500000000001 196.97500000000005 44.000000000000007 0.62800000000000011 6615.9500000000007
decision_type=1 2 10 2 8 2 2 2 2 2 8 2 10 2
left_child=1 9 3 4 5 -3 7 11 10 -1 -9 -2 -4 -8
right_child=6 2 12 -5 -6 -7 13 8 -10 -11 -12 -13 -14 -15
leaf_value=8.3369043810650397e-06 -0.011012864022072076 0.00081458336206309307 -0.0012328208260113322 -0.0043146959619940464 0.00066892739706891425 -0.001465022488579404 -0.011562238124675994 -0.00080476963194686918 0.00073422967976728617 -0.00072048196866659521 -0.014845977336076588 -0.0090386367816354691 6.8920963167734003e-05 -0.0031415501466230296
leaf_weight=20 24 21 28 37 35 28 136 24 39 56 39 96 20 20
leaf_count=20 24 21 28 37 35 28 136 24 39 56 39 96 20 20
internal_value=-0.00247436 0.00109375 0.00334117 0.0064918 0.0118588 0.00496 -0.00468895 -0.00294171 0.00139806 -0.00374026 -0.002875 -0.00661157 -0.00457143 -0.00743949
internal_weight=623 245 169 121 84 49 378 222 102 76 63 120 48 156
internal_count=623 245 169 121 84 49 378 222 102 76 63 120 48 156
cat_boundaries=0 1
cat_threshold=24
is_linear=0
shrinkage=0.08


Tree=54
num_leaves=15
num_cat=1
split_feature=19 11 14 14 6 10 11 2 9 10 11 11 5 10
split_gain=0.878768 0.476711 0.72434 0.501319 0.509552 0.598478 0.669346 0.287622 0.462209 0.425326 0.96166 0.438463 0.222428 0.039985
threshold=0 71.955000000000027 0.79400000000000015 0.76550000000000018 56.100000000000001 4851.9000000000005 65.475000000000009 277.50000000000006 40.850000000000001 5986.4000000000005 70.40000000000002 72.895000000000024 1208.6500000000003 6615.9500000000007
decision_type=1 2 10 10 2 2 2 2 2 2 2 2 2 2
left_child=1 2 3 4 5 -1 -7 8 9 11 -11 -2 -3 -9
right_child=7 12 -4 -5 -6 6 -8 13 -10 10 -12 -13 -14 -15
leaf_value=0.0015147227273452646 -0.036532596526596295 3.7970399726914895e-05 0.00084995379781637956 -0.0012947887692181055 -0.00037323323793098052 -0.0026381632849892334 0.00074941669309803766 -0.010637259074701911 -0.0069482048764254499 0.0014073327666107912 -0.011063376329703696 0.0018045224188201312 -0.00076861682462999988 -0.0028902261348931909
leaf_weight=20 50 32 26 28 28 36 21 136 96 20 32 24 54 20
leaf_count=20 50 32 26 28 28 36 21 136 96 20 32 24 54 20
internal_value=-0.00234616 0.00140625 0.00405 0.00161194 0.00415094 0.00748718 0.00317241 -0.00468895 -0.00294171 0.000251967 0.00573585 -0.00362667 -0.00331035 -0.00743949
internal_weight=623 245 159 133 105 77 57 378 222 126 52 74 86 156
internal_count=623 245 159 133 105 77 57 378 222 126 52 74 86 156
cat_boundaries=0 1
cat_threshold=24
is_linear=0
shrinkage=0.08


Tree=55
num_leaves=15
num_cat=1
split_feature=19 15 18 13 16 11 13 16 10 15 5 10 5 9
split_gain=0.732866 0.429853 0.598787 0.569253 0.420948 0.467984 0.379246 0.645763 0.42783 0.202569 0.156079 0.128723 0.124851 0.112349
threshold=0 0.70850000000000002 1.2015000000000002 0.42450000000000004 0.0018250000000000002 71.080000000000013 0.58750000000000002 -0.0022799999999999995 5986.4000000000005 0.53850000000000009 1600.7000000000003 4916.1500000000005 1304.5500000000002 41.050000000000004
decision_type=1 8 2 10 8 2 10 10 2 8 2 2 2 2
left_child=1 3 4 -1 5 -3 9 8 -8 -2 -11 -7 -9 -5
right_child=6 2 -4 13 -6 11 7 12 -10 10 -12 -13 -14 -15
leaf_value=0.00052055007233981951 -8.2145863357135085e-05 0.00028640318137542489 0.00065162681190630411 -0.00051096868589968253 -0.0032098875103089021 3.6891949574825688e-05 -0.021441075391513128 -0.0049633608799023584 0.0015058150230040179 -0.010231685729147124 -0.0017931944701617484 -0.0025814022462554444 -0.003382183438992561 -7.1943467428474682e-05
leaf_weight=24 30 27 33 71 25 20 22 45 20 219 21 25 21 20
leaf_count=24 30 27 33 71 25 20 22 45 20 219 21 25 21 20
internal_value=-0.00234616 0.00109375 0.00427481 -0.00241379 0.00106122 0.00416438 -0.00448329 -0.000587158 0.00706977 -0.00619926 -0.00697096 -0.000869567 -0.00549254 -0.00530435
internal_weight=623 245 130 115 97 72 378 108 42 270 240 45 66 91
internal_count=623 245 130 115 97 72 378 108 42 270 240 45 66 91
cat_boundaries=0 1
cat_threshold=24
is_linear=0
shrinkage=0.08


Tree=56
num_leaves=15
num_cat=1
split_feature=19 7 5 14 14 13 13 15 9 13 17 8 17 5
split_gain=0.722685 0.597755 0.73776 0.903295 0.584292 0.958387 0.416437 0.272849 0.220557 0.146166 0.48611 0.125494 0.213705 0.0929152
threshold=0 51.500000000000007 1111.2 0.77350000000000019 0.7915000000000002 0.58750000000000002 0.63700000000000012 0.54550000000000021 41.800000000000004 0.55600000000000016 198.93500000000003 28.275000000000002 189.35000000000005 1118.1500000000003
decision_type=1 2 2 10 10 10 8 10 2 10 10 2 10 2
left_child=-1 6 4 -4 8 -6 7 -2 11 -9 -11 12 -3 -8
right_child=1 2 3 -5 5 -7 13 9 -10 10 -12 -13 -14 -15
leaf_value=-0.07180925116879483 0.00069721000151704406 0.00034300863832920086 0.00060824702214419232 -0.00093270013186006265 -0.0011982190194314761 0.0017597064998174925 2.4885044704595348e-05 -0.0018614943865156413 5.3268509817219323e-05 0.00058756036209965429 -0.0012306026257754735 -0.0038705167328615558 -0.0075296786260761481 0.00033859677524013628
leaf_weight=126 20 20 28 36 32 24 20 102 31 32 56 56 20 20
leaf_count=126 20 20 28 36 32 24 20 102 31 32 56 56 20 20
internal_value=-0.00221795 -0.000740159 0.00203226 0.00935384 -0.000565219 0.00617544 -0.00350598 -0.00492891 -0.0035625 -0.00586388 -0.00341573 -0.0054433 -0.00195122 0.00390244
internal_weight=623 497 247 64 183 56 250 210 127 190 88 96 40 40
internal_count=623 497 247 64 183 56 250 210 127 190 88 96 40 40
cat_boundaries=0 1
cat_threshold=2
is_linear=0
shrinkage=0.08


Tree=57
num_leaves=15
num_cat=1
split_feature=19 9 18 14 7 12 12 14 12 8 11 12 6 6
split_gain=0.836813 0.662997 0.487272 0.974414 0.503384 0.396436 0.460462 0.613407 0.863975 0.346796 0.313938 0.237492 0.175481 0.310221
threshold=0 35.600000000000001 1.3200000000000001 0.74850000000000005 47.500000000000007 1892.4500000000003 1793.9000000000003 0.7915000000000002 1825.9500000000003 27.795000000000005 70.655000000000015 1936.2000000000003 28.850000000000005 37.750000000000007
decision_type=1 2 2 8 2 2 2 10 2 2 2 2 2 2
left_child=-1 -2 4 -4 12 6 9 8 -8 -6 -11 -7 -3 -14
right_child=1 2 3 -5 5 11 7 -9 -10 10 -12 -13 13 -15
leaf_value=-0.066064511075291238 -0.0057027578949983646 -0.0054786200054776973 -0.0062320627809868802 0.0010164383564049222 0.001607883464598262 -0.0023144204515137905 0.00051155865644666868 0.0014968872972693826 -0.0038209430613416594 -0.0013879719197204003 8.2345984571805146e-05 1.5268579877217916e-05 7.1256140589756102e-05 -0.00064680449978099573
leaf_weight=126 63 47 20 22 24 34 20 36 33 49 25 33 22 69
leaf_count=126 63 47 20 22 24 34 20 36 33 49 25 33 22 69
internal_value=-0.00183334 -0.000267718 0.000845975 0.00893023 -4.07144e-05 0.00207059 0.00395744 0.00808889 0.00251852 0.000161614 -0.00256 -0.00317647 -0.00391367 -0.00182609
internal_weight=623 497 434 42 392 254 187 89 53 98 74 67 138 91
internal_count=623 497 434 42 392 254 187 89 53 98 74 67 138 91
cat_boundaries=0 1
cat_threshold=2
is_linear=0
shrinkage=0.08


Tree=58
num_leaves=15
num_cat=1
split_feature=19 11 13 18 15 10 10 7 5 6 9 15 0 5
split_gain=1.29987 0.682883 0.571669 0.716484 0.86221 0.666763 0.468826 0.744828 0.731545 0.422506 0.354951 0.201535 0.199768 0.155652
threshold=0 73.950000000000017 0.58650000000000013 0.90650000000000019 0.72950000000000015 6014.1500000000005 4754.0000000000009 44.000000000000007 1111.2 30.000000000000004 41.650000000000013 0.53850000000000009 282.50000000000006 1600.7000000000003
decision_type=1 2 10 2 10 2 2 2 2 2 2 8 2 2
left_child=1 6 11 -4 -5 -6 -1 -8 9 12 -11 -2 -9 -13
right_child=2 -3 3 4 5 -7 7 8 -10 10 -12 13 -14 -15
leaf_value=0.0001001953910712453 -8.9467252026359975e-05 -0.0016712010982543057 -0.010137841513293595 -0.005932024272155099 0.0019857405403093968 0.0011330515303064205 -0.00091485212795586798 0.00088645439968429928 0.00026986917873703071 -0.002816128660063331 0.000159517562325755 -0.0092855754185930724 0.00036243451263321362 -0.0014490748442064622
leaf_weight=32 30 41 40 29 22 20 40 20 27 37 28 216 20 21
leaf_count=32 30 41 40 29 22 20 40 20 27 37 28 216 20 21
internal_value=-0.00119231 0.00328125 -0.00407198 0.000642855 0.00544444 0.0126512 0.00530732 0.00360693 0.00649624 0.00339622 -0.000606062 -0.00617911 0.0097561 -0.00695799
internal_weight=623 245 378 111 71 42 204 172 132 105 65 267 40 237
internal_count=623 245 378 111 71 42 204 172 132 105 65 267 40 237
cat_boundaries=0 1
cat_threshold=24
is_linear=0
shrinkage=0.08


Tree=59
num_leaves=15
num_cat=1
split_feature=19 11 13 18 13 16 6 12 17 18 18 12 11 15
split_gain=1.19034 0.636379 0.606111 0.73861 0.552249 0.406637 0.54869 0.553313 0.958019 0.764744 0.438766 0.400405 0.278575 0.202569
threshold=0 73.950000000000017 0.58750000000000002 0.90650000000000019 0.6130000000000001 -0.00063499999999999993 59.45000000000001 1825.9500000000003 204.07000000000002 0.94650000000000001 0.82250000000000012 1763.9000000000003 67.855000000000004 0.53850000000000009
decision_type=1 2 10 2 10 8 2 2 10 2 2 2 2 8
left_child=1 5 13 -4 -5 6 7 8 -1 -9 -7 -6 -12 -2
right_child=2 -3 3 4 11 10 -8 9 -10 -11 12 -13 -14 -15
leaf_value=0.00018872098425292853 -8.2309871864247222e-05 -0.0015375050103939481 -0.0091565562876945311 0.0020715123528738054 0.00078597910605526723 -0.0020244186868978507 -0.00054984405681787979 0.001459561832351713 8.5809710106155156e-05 -0.0024504056436268069 0.00039894907883480588 -0.0013657008286899494 -0.00011968694876508507 -0.0081805506897816745
leaf_weight=24 30 41 39 23 26 26 20 24 20 26 31 20 33 240
leaf_count=24 30 41 39 23 26 26 20 24 20 26 31 20 33 240
internal_value=-0.00132051 0.00296875 -0.00407198 0.000880732 0.00582857 0.00491707 0.00806956 0.0106105 0.0170667 0.00470588 0.000879119 0.000680849 0.00443077 -0.00619926
internal_weight=623 245 378 108 69 204 114 94 44 50 90 46 64 270
internal_count=623 245 378 108 69 204 114 94 44 50 90 46 64 270
cat_boundaries=0 1
cat_threshold=24
is_linear=0
shrinkage=0.08


end of trees

feature_importances:
ndvi_mean=65
gdd=64
rainfall_cum_mm=50
dry_spell_max_days=31
ndvi_auc=31
ndvi_max=28
rainfall_last30_mm=27
humidity_mean_pct=26
ndvi_slope_30d=25
area_ha=22
crop=21
temp_max_c=19
temp_mean_c=16
ndvi_p90=16
et0_cum_mm=15
n_kg_ha=11
k_kg_ha=4
oc_pct=2
p_kg_ha=1
ph=1
district=1

parameters:
[boosting: gbdt]
[objective: quantile]
[metric: quantile]
[tree_learner: serial]
[device_type: cpu]
[data_sample_strategy: bagging]
[data: ]
[valid: ]
[num_iterations: 60]
[learning_rate: 0.08]
[num_leaves: 15]
[num_threads: 10]
[seed: 42]
[deterministic: 0]
[force_col_wise: 0]
[force_row_wise: 0]
[histogram_pool_size: -1]
[max_depth: -1]
[min_data_in_leaf: 20]
[min_sum_hessian_in_leaf: 0.001]
[bagging_fraction: 0.8]
[pos_bagging_fraction: 1]
[neg_bagging_fraction: 1]
[bagging_freq: 0]
[bagging_seed: 400]
[bagging_by_query: 0]
[feature_fraction: 0.8]
[feature_fraction_bynode: 1]
[feature_fraction_seed: 30056]
[extra_trees: 0]
[extra_seed: 12879]
[early_stopping_round: 0]
[early_stopping_min_delta: 0]
[first_metric_only: 0]
[max_delta_step: 0]
[lambda_l1: 0]
[lambda_l2: 1]
[linear_lambda: 0]
[min_gain_to_split: 0]
[drop_rate: 0.1]
[max_drop: 50]
[skip_drop: 0.5]
[xgboost_dart_mode: 0]
[uniform_drop: 0]
[drop_seed: 17869]
[top_rate: 0.2]
[other_rate: 0.1]
[min_data_per_group: 100]
[max_cat_threshold: 32]
[cat_l2: 10]
[cat_smooth: 10]
[max_cat_to_onehot: 4]
[top_k: 20]
[monotone_constraints: ]
[monotone_constraints_method: basic]
[monotone_penalty: 0]
[feature_contri: ]
[forcedsplits_filename: ]
[refit_decay_rate: 0.9]
[cegb_tradeoff: 1]
[cegb_penalty_split: 0]
[cegb_penalty_feature_lazy: ]
[cegb_penalty_feature_coupled: ]
[path_smooth: 0]
[interaction_constraints: ]
[verbosity: -1]
[saved_feature_importance_type: 0]
[use_quantized_grad: 0]
[num_grad_quant_bins: 4]
[quant_train_renew_leaf: 0]
[stochastic_rounding: 1]
[linear_tree: 0]
[max_bin: 255]
[max_bin_by_feature: ]
[min_data_in_bin: 3]
[bin_construct_sample_cnt: 200000]
[data_random_seed: 175]
[is_enable_sparse: 1]
[enable_bundle: 1]
[use_missing: 1]
[zero_as_missing: 0]
[feature_pre_filter: 1]
[pre_partition: 0]
[two_round: 0]
[header: 0]
[label_column: ]
[weight_column: ]
[group_column: ]
[ignore_column: ]
[categorical_feature: 19,20,21]
[forcedbins_filename: ]
[precise_float_parser: 0]
[parser_config_file: ]
[objective_seed: 16083]
[num_class: 1]
[is_unbalance: 0]
[scale_pos_weight: 1]
[sigmoid: 1]
[boost_from_average: 1]
[reg_sqrt: 0]
[alpha: 0.9]
[fair_c: 1]
[poisson_max_delta_step: 0.7]
[tweedie_variance_power: 1.5]
[lambdarank_truncation_level: 30]
[lambdarank_norm: 1]
[label_gain: ]
[lambdarank_position_bias_regularization: 0]
[eval_at: ]
[multi_error_top_k: 1]
[auc_mu_weights: ]
[num_machines: 1]
[local_listen_port: 12400]
[time_out: 120]
[machine_list_filename: ]
[machines: ]
[gpu_platform_id: -1]
[gpu_device_id: -1]
[gpu_device_id_list: ]
[gpu_use_dp: 0]
[num_gpu: 1]

end of parameters

pandas_categorical:[["paddy", "black_gram", "groundnut", "sugarcane", "maize"], ["Thanjavur", "Tiruvarur", "Nagapattinam", "Tiruchirappalli", "Madurai"], ["whole_year", "kharif", "rabi", "kuruvai", "samba"]]
